wrk2 -t4 -c512 -R140000 -d120 -L http://localhost
Running 2m test @ http://localhost
  4 threads and 512 connections
  Thread Calibration: Mean latency: 652.520ms, Rate Sampling Interval: 2881ms
  Thread Calibration: Mean latency: 329.290ms, Rate Sampling Interval: 1396ms
  Thread Calibration: Mean latency: 613.065ms, Rate Sampling Interval: 3153ms
  Thread Calibration: Mean latency: 604.224ms, Rate Sampling Interval: 2723ms
  Thread Stats   Avg      Stdev     Max   +/- Stdev
    Latency   411.75ms  492.38ms   3.05s    83.70%
    Req/Sec    35.10k     2.48k   45.17k    71.96%

  Latency Distribution (HdrHistogram - Recorded Latency HDR)

  Percentile  Value

   50.000%  215.17ms
   75.000%  655.87ms
   90.000%    1.18s 
   99.000%    1.93s 
   99.900%    2.44s 
   99.990%    2.71s 
   99.999%    2.96s 
  100.000%    3.05s 

  Detailed Percentile Spectrum:

    Value Percentile  TotCount 1/(1-Percentile)

    0.066  0.000000         1      1.00
    1.655  0.100000   1536414      1.11
    4.267  0.200000   3071838      1.25
   38.463  0.300000   4607855      1.43
  106.687  0.400000   6143396      1.67
  215.167  0.500000   7679499      2.00
  273.663  0.550000   8446706      2.22
  345.855  0.600000   9216421      2.50
  432.383  0.650000   9982847      2.86
  533.503  0.700000  10751232      3.33
  655.871  0.750000  11519604      4.00
  723.455  0.775000  11904142      4.44
  789.503  0.800000  12286375      5.00
  864.767  0.825000  12670386      5.71
  950.271  0.850000  13053822      6.67
 1051.647  0.875000  13440580      8.00
 1113.087  0.887500  13630519      8.89
 1179.647  0.900000  13823701     10.00
 1245.183  0.912500  14014876     11.43
 1316.863  0.925000  14205658     13.33
 1391.615  0.937500  14398665     16.00
 1427.455  0.943750  14495306     17.78
 1469.439  0.950000  14589581     20.00
 1518.591  0.956250  14685074     22.86
 1566.719  0.962500  14782587     26.67
 1629.183  0.968750  14878269     32.00
 1661.951  0.971875  14924857     35.56
 1697.791  0.975000  14973426     40.00
 1737.727  0.978125  15020866     45.71
 1779.711  0.981250  15070053     53.33
 1822.719  0.984375  15117037     64.00
 1851.391  0.985937  15141086     71.11
 1882.111  0.987500  15165248     80.00
 1912.831  0.989062  15188962     91.43
 1947.647  0.990625  15212858    106.67
 1994.751  0.992188  15237135    128.00
 2019.327  0.992969  15249008    142.22
 2044.927  0.993750  15260838    160.00
 2073.599  0.994531  15272786    182.86
 2105.343  0.995313  15285209    213.33
 2138.111  0.996094  15297140    256.00
 2158.591  0.996484  15302996    284.45
 2183.167  0.996875  15308873    320.00
 2213.887  0.997266  15314920    365.72
 2246.655  0.997656  15320812    426.66
 2287.615  0.998047  15326827    512.00
 2316.287  0.998242  15329940    568.89
 2347.007  0.998438  15332804    640.01
 2375.679  0.998633  15335904    731.42
 2406.399  0.998828  15338896    853.32
 2441.215  0.999023  15341806   1024.00
 2459.647  0.999121  15343414   1137.75
 2482.175  0.999219  15344811   1280.02
 2498.559  0.999316  15346414   1462.83
 2512.895  0.999414  15347860   1706.74
 2533.375  0.999512  15349367   2048.00
 2541.567  0.999561  15350099   2275.49
 2559.999  0.999609  15350801   2559.84
 2576.383  0.999658  15351533   2925.92
 2590.719  0.999707  15352266   3413.47
 2617.343  0.999756  15353042   4096.00
 2629.631  0.999780  15353465   4551.60
 2641.919  0.999805  15353779   5119.69
 2656.255  0.999829  15354176   5851.84
 2674.687  0.999853  15354540   6825.56
 2691.071  0.999878  15354896   8192.00
 2701.311  0.999890  15355076   9103.21
 2709.503  0.999902  15355315  10242.50
 2715.647  0.999915  15355482  11699.59
 2723.839  0.999927  15355711  13651.11
 2727.935  0.999939  15355837  16384.00
 2736.127  0.999945  15355921  18196.55
 2748.415  0.999951  15356029  20485.00
 2768.895  0.999957  15356109  23399.19
 2789.375  0.999963  15356204  27324.46
 2818.047  0.999969  15356297  32768.00
 2834.431  0.999973  15356343  36393.09
 2854.911  0.999976  15356391  40920.04
 2869.247  0.999979  15356446  46863.73
 2893.823  0.999982  15356486  54648.91
 2916.351  0.999985  15356529  65536.00
 2926.591  0.999986  15356555  72944.41
 2940.927  0.999988  15356576  81840.08
 2955.263  0.999989  15356603  93727.46
 2963.455  0.999991  15356627 108942.96
 2971.647  0.999992  15356646 131072.00
 2981.887  0.999993  15356659 145888.83
 2992.127  0.999994  15356672 164482.52
 2998.271  0.999995  15356682 186413.52
 3008.511  0.999995  15356695 217885.92
 3014.655  0.999996  15356705 262144.00
 3018.751  0.999997  15356711 289262.34
 3024.895  0.999997  15356719 328965.03
 3028.991  0.999997  15356722 372827.03
 3035.135  0.999998  15356728 441505.69
 3039.231  0.999998  15356735 524288.00
 3041.279  0.999998  15356737 578524.69
 3045.375  0.999998  15356745 645277.56
 3045.375  0.999999  15356745 762600.75
 3047.423  0.999999  15356761 883011.38
 3047.423  0.999999  15356761 1048576.00
 3047.423  0.999999  15356761 1198372.62
 3047.423  0.999999  15356761 1290555.12
 3047.423  0.999999  15356761 1525201.50
 3047.423  0.999999  15356761 1677721.62
 3047.423  1.000000  15356761 2097152.00
 3047.423  1.000000  15356761 2396745.25
 3047.423  1.000000  15356761 2796202.75
 3047.423  1.000000  15356761 2796202.75
 3047.423  1.000000  15356761 3355443.25
 3047.423  1.000000  15356761 4194304.00
 3047.423  1.000000  15356761 4194304.00
 3047.423  1.000000  15356761 5592405.50
 3047.423  1.000000  15356761 5592405.50
 3047.423  1.000000  15356761 8388608.00
 3049.471  1.000000  15356763 8388608.00
 3049.471  1.000000  15356763       inf

#[Mean    =   411.755, StdDeviation   =   492.385]
#[Max     =  3047.424, Total count    =  15356763]
#[Buckets =        27, SubBuckets     =      2048]
----------------------------------------------------------
  16665921 requests in 2.00m, 13.24GB read
Requests/sec: 138881.44
Transfer/sec:    112.98MB
-------------------------------------------
wrk2 -t4 -c512 -R142000 -d120 -L http://localhost
Running 2m test @ http://localhost
  4 threads and 512 connections
  Thread Calibration: Mean latency: 407.537ms, Rate Sampling Interval: 3483ms
  Thread Calibration: Mean latency: 348.991ms, Rate Sampling Interval: 3293ms
  Thread Calibration: Mean latency: 674.375ms, Rate Sampling Interval: 3864ms
  Thread Calibration: Mean latency: 615.690ms, Rate Sampling Interval: 4130ms
  Thread Stats   Avg      Stdev     Max   +/- Stdev
    Latency   460.37ms  616.94ms   3.48s    85.65%
    Req/Sec    35.62k     2.94k   43.28k    75.42%

  Latency Distribution (HdrHistogram - Recorded Latency HDR)

  Percentile  Value

   50.000%  194.05ms
   75.000%  698.37ms
   90.000%    1.34s 
   99.000%    2.65s 
   99.900%    3.31s 
   99.990%    3.47s 
   99.999%    3.48s 
  100.000%    3.48s 

  Detailed Percentile Spectrum:

    Value Percentile  TotCount 1/(1-Percentile)

    0.059  0.000000         1      1.00
    1.748  0.100000   1558483      1.11
    3.455  0.200000   3118258      1.25
   18.191  0.300000   4675442      1.43
   84.159  0.400000   6234197      1.67
  194.047  0.500000   7792590      2.00
  264.447  0.550000   8572646      2.22
  342.783  0.600000   9350961      2.50
  441.599  0.650000  10130707      2.86
  566.271  0.700000  10909250      3.33
  698.367  0.750000  11688467      4.00
  766.463  0.775000  12078211      4.44
  841.727  0.800000  12468501      5.00
  929.279  0.825000  12858628      5.71
 1041.919  0.850000  13247136      6.67
 1181.695  0.875000  13636960      8.00
 1259.519  0.887500  13831550      8.89
 1338.367  0.900000  14027259     10.00
 1441.791  0.912500  14222442     11.43
 1557.503  0.925000  14416080     13.33
 1695.743  0.937500  14611525     16.00
 1771.519  0.943750  14708057     17.78
 1844.223  0.950000  14805577     20.00
 1916.927  0.956250  14902988     22.86
 1992.703  0.962500  15000389     26.67
 2081.791  0.968750  15097773     32.00
 2136.063  0.971875  15146932     35.56
 2197.503  0.975000  15195994     40.00
 2254.847  0.978125  15243886     45.71
 2338.815  0.981250  15292121     53.33
 2445.311  0.984375  15340869     64.00
 2498.559  0.985937  15365923     71.11
 2553.855  0.987500  15389919     80.00
 2615.295  0.989062  15413866     91.43
 2676.735  0.990625  15438325    106.67
 2746.367  0.992188  15463036    128.00
 2785.279  0.992969  15475194    142.22
 2828.287  0.993750  15487075    160.00
 2875.391  0.994531  15499059    182.86
 2938.879  0.995313  15511388    213.33
 3004.415  0.996094  15523689    256.00
 3033.087  0.996484  15529870    284.45
 3067.903  0.996875  15535727    320.00
 3106.815  0.997266  15541722    365.72
 3151.871  0.997656  15547785    426.66
 3203.071  0.998047  15553977    512.00
 3223.551  0.998242  15557148    568.89
 3246.079  0.998438  15559928    640.01
 3264.511  0.998633  15563141    731.42
 3284.991  0.998828  15566030    853.32
 3309.567  0.999023  15569055   1024.00
 3315.711  0.999121  15570815   1137.75
 3327.999  0.999219  15572157   1280.02
 3346.431  0.999316  15573708   1462.83
 3362.815  0.999414  15575302   1706.74
 3379.199  0.999512  15576673   2048.00
 3387.391  0.999561  15577465   2275.49
 3397.631  0.999609  15578177   2559.84
 3407.871  0.999658  15579085   2925.92
 3416.063  0.999707  15579744   3413.47
 3434.495  0.999756  15580522   4096.00
 3440.639  0.999780  15580822   4551.60
 3448.831  0.999805  15581313   5119.69
 3452.927  0.999829  15581610   5851.84
 3459.071  0.999853  15582067   6825.56
 3465.215  0.999878  15582357   8192.00
 3467.263  0.999890  15582547   9103.21
 3471.359  0.999902  15582865  10242.50
 3473.407  0.999915  15583585  11699.59
 3473.407  0.999927  15583585  13651.11
 3473.407  0.999939  15583585  16384.00
 3473.407  0.999945  15583585  18196.55
 3473.407  0.999951  15583585  20485.00
 3473.407  0.999957  15583585  23399.19
 3475.455  0.999963  15584109  27324.46
 3475.455  0.999969  15584109  32768.00
 3475.455  0.999973  15584109  36393.09
 3475.455  0.999976  15584109  40920.04
 3475.455  0.999979  15584109  46863.73
 3475.455  0.999982  15584109  54648.91
 3475.455  0.999985  15584109  65536.00
 3475.455  0.999986  15584109  72944.41
 3475.455  0.999988  15584109  81840.08
 3475.455  0.999989  15584109  93727.46
 3475.455  0.999991  15584109 108942.96
 3477.503  0.999992  15584242 131072.00
 3477.503  1.000000  15584242       inf

#[Mean    =   460.373, StdDeviation   =   616.941]
#[Max     =  3475.456, Total count    =  15584242]
#[Buckets =        27, SubBuckets     =      2048]
----------------------------------------------------------
  16932225 requests in 2.00m, 13.45GB read
Requests/sec: 141098.75
Transfer/sec:    114.78MB
-------------------------------------------
wrk2 -t4 -c512 -R144000 -d120 -L http://localhost
Running 2m test @ http://localhost
  4 threads and 512 connections
  Thread Calibration: Mean latency: 970.136ms, Rate Sampling Interval: 5206ms
  Thread Calibration: Mean latency: 461.604ms, Rate Sampling Interval: 3229ms
  Thread Calibration: Mean latency: 972.971ms, Rate Sampling Interval: 5459ms
  Thread Calibration: Mean latency: 834.340ms, Rate Sampling Interval: 4829ms
  Thread Stats   Avg      Stdev     Max   +/- Stdev
    Latency   422.07ms  708.29ms   4.92s    89.04%
    Req/Sec    36.38k     1.87k   41.43k    67.71%

  Latency Distribution (HdrHistogram - Recorded Latency HDR)

  Percentile  Value

   50.000%  123.58ms
   75.000%  490.75ms
   90.000%    1.21s 
   99.000%    3.37s 
   99.900%    4.46s 
   99.990%    4.72s 
   99.999%    4.88s 
  100.000%    4.92s 

  Detailed Percentile Spectrum:

    Value Percentile  TotCount 1/(1-Percentile)

    0.049  0.000000         1      1.00
    1.507  0.100000   1591305      1.11
    3.063  0.200000   3182982      1.25
   14.311  0.300000   4774119      1.43
   57.439  0.400000   6365713      1.67
  123.583  0.500000   7956752      2.00
  167.167  0.550000   8751962      2.22
  224.127  0.600000   9548209      2.50
  295.935  0.650000  10344523      2.86
  380.159  0.700000  11140239      3.33
  490.751  0.750000  11935263      4.00
  563.199  0.775000  12333705      4.44
  643.583  0.800000  12732037      5.00
  740.863  0.825000  13127917      5.71
  858.623  0.850000  13526391      6.67
 1015.295  0.875000  13923911      8.00
 1102.847  0.887500  14122652      8.89
 1213.439  0.900000  14321840     10.00
 1397.759  0.912500  14520948     11.43
 1627.135  0.925000  14719132     13.33
 1870.847  0.937500  14918583     16.00
 1988.607  0.943750  15017542     17.78
 2123.775  0.950000  15118406     20.00
 2242.559  0.956250  15216966     22.86
 2363.391  0.962500  15316874     26.67
 2486.271  0.968750  15416464     32.00
 2557.951  0.971875  15465885     35.56
 2666.495  0.975000  15515231     40.00
 2785.279  0.978125  15564894     45.71
 2893.823  0.981250  15615000     53.33
 3018.751  0.984375  15664421     64.00
 3112.959  0.985937  15688862     71.11
 3211.263  0.987500  15713825     80.00
 3315.711  0.989062  15738976     91.43
 3411.967  0.990625  15763535    106.67
 3520.511  0.992188  15788506    128.00
 3586.047  0.992969  15801023    142.22
 3635.199  0.993750  15813443    160.00
 3682.303  0.994531  15825556    182.86
 3739.647  0.995313  15838137    213.33
 3854.335  0.996094  15850507    256.00
 3942.399  0.996484  15856672    284.45
 4028.415  0.996875  15863096    320.00
 4079.615  0.997266  15869155    365.72
 4143.103  0.997656  15875467    426.66
 4222.975  0.998047  15881574    512.00
 4255.743  0.998242  15884712    568.89
 4300.799  0.998438  15887964    640.01
 4362.239  0.998633  15890845    731.42
 4423.679  0.998828  15894040    853.32
 4468.735  0.999023  15897151   1024.00
 4497.407  0.999121  15898793   1137.75
 4521.983  0.999219  15900300   1280.02
 4550.655  0.999316  15901943   1462.83
 4571.135  0.999414  15903389   1706.74
 4587.519  0.999512  15904866   2048.00
 4599.807  0.999561  15905746   2275.49
 4612.095  0.999609  15906553   2559.84
 4624.383  0.999658  15907234   2925.92
 4636.671  0.999707  15907984   3413.47
 4648.959  0.999756  15908861   4096.00
 4653.055  0.999780  15909082   4551.60
 4661.247  0.999805  15909663   5119.69
 4665.343  0.999829  15909863   5851.84
 4677.631  0.999853  15910333   6825.56
 4685.823  0.999878  15910645   8192.00
 4702.207  0.999890  15910853   9103.21
 4722.687  0.999902  15911028  10242.50
 4747.263  0.999915  15911228  11699.59
 4771.839  0.999927  15911412  13651.11
 4792.319  0.999939  15911637  16384.00
 4800.511  0.999945  15911732  18196.55
 4808.703  0.999951  15911837  20485.00
 4812.799  0.999957  15911903  23399.19
 4820.991  0.999963  15911997  27324.46
 4833.279  0.999969  15912111  32768.00
 4837.375  0.999973  15912140  36393.09
 4845.567  0.999976  15912198  40920.04
 4853.759  0.999979  15912279  46863.73
 4857.855  0.999982  15912296  54648.91
 4866.047  0.999985  15912333  65536.00
 4874.239  0.999986  15912389  72944.41
 4874.239  0.999988  15912389  81840.08
 4878.335  0.999989  15912408  93727.46
 4886.527  0.999991  15912428 108942.96
 4898.815  0.999992  15912458 131072.00
 4902.911  0.999993  15912487 145888.83
 4902.911  0.999994  15912487 164482.52
 4907.007  0.999995  15912522 186413.52
 4907.007  0.999995  15912522 217885.92
 4907.007  0.999996  15912522 262144.00
 4907.007  0.999997  15912522 289262.34
 4911.103  0.999997  15912546 328965.03
 4911.103  0.999997  15912546 372827.03
 4911.103  0.999998  15912546 441505.69
 4911.103  0.999998  15912546 524288.00
 4911.103  0.999998  15912546 578524.69
 4915.199  0.999998  15912555 645277.56
 4915.199  0.999999  15912555 762600.75
 4915.199  0.999999  15912555 883011.38
 4919.295  0.999999  15912572 1048576.00
 4919.295  0.999999  15912572 1198372.62
 4919.295  0.999999  15912572 1290555.12
 4919.295  0.999999  15912572 1525201.50
 4919.295  0.999999  15912572 1677721.62
 4919.295  1.000000  15912572 2097152.00
 4919.295  1.000000  15912572 2396745.25
 4919.295  1.000000  15912572 2796202.75
 4919.295  1.000000  15912572 2796202.75
 4919.295  1.000000  15912572 3355443.25
 4919.295  1.000000  15912572 4194304.00
 4919.295  1.000000  15912572 4194304.00
 4919.295  1.000000  15912572 5592405.50
 4919.295  1.000000  15912572 5592405.50
 4919.295  1.000000  15912572 8388608.00
 4919.295  1.000000  15912572 8388608.00
 4919.295  1.000000  15912572 8388608.00
 4919.295  1.000000  15912572 8388608.00
 4919.295  1.000000  15912572 16777216.00
 4919.295  1.000000  15912572 16777216.00
 4923.391  1.000000  15912573 16777216.00
 4923.391  1.000000  15912573       inf

#[Mean    =   422.067, StdDeviation   =   708.289]
#[Max     =  4919.296, Total count    =  15912573]
#[Buckets =        27, SubBuckets     =      2048]
----------------------------------------------------------
  17121790 requests in 2.00m, 13.60GB read
Requests/sec: 142679.15
Transfer/sec:    116.07MB
-------------------------------------------
wrk2 -t4 -c512 -R146000 -d120 -L http://localhost
Running 2m test @ http://localhost
  4 threads and 512 connections
  Thread Calibration: Mean latency: 439.916ms, Rate Sampling Interval: 2914ms
  Thread Calibration: Mean latency: 472.874ms, Rate Sampling Interval: 2910ms
  Thread Calibration: Mean latency: 490.752ms, Rate Sampling Interval: 2930ms
  Thread Calibration: Mean latency: 430.490ms, Rate Sampling Interval: 2273ms
  Thread Stats   Avg      Stdev     Max   +/- Stdev
    Latency     2.44s     1.58s    7.45s    62.28%
    Req/Sec    35.35k     2.97k   48.25k    75.47%

  Latency Distribution (HdrHistogram - Recorded Latency HDR)

  Percentile  Value

   50.000%    2.21s 
   75.000%    3.64s 
   90.000%    4.66s 
   99.000%    6.18s 
   99.900%    6.86s 
   99.990%    7.17s 
   99.999%    7.32s 
  100.000%    7.46s 

  Detailed Percentile Spectrum:

    Value Percentile  TotCount 1/(1-Percentile)

    0.520  0.000000         1      1.00
  488.447  0.100000   1547651      1.11
  892.927  0.200000   3094347      1.25
 1325.055  0.300000   4640893      1.43
 1736.703  0.400000   6190766      1.67
 2213.887  0.500000   7737668      2.00
 2525.183  0.550000   8511738      2.22
 2813.951  0.600000   9285894      2.50
 3088.383  0.650000  10055626      2.86
 3356.671  0.700000  10831048      3.33
 3635.199  0.750000  11606463      4.00
 3778.559  0.775000  11989567      4.44
 3926.015  0.800000  12376761      5.00
 4081.663  0.825000  12766779      5.71
 4255.743  0.850000  13154150      6.67
 4444.159  0.875000  13542813      8.00
 4550.655  0.887500  13733044      8.89
 4661.247  0.900000  13923468     10.00
 4784.127  0.912500  14119825     11.43
 4919.295  0.925000  14312033     13.33
 5074.943  0.937500  14506767     16.00
 5152.767  0.943750  14599483     17.78
 5238.783  0.950000  14696476     20.00
 5341.183  0.956250  14796136     22.86
 5439.487  0.962500  14891792     26.67
 5554.175  0.968750  14987362     32.00
 5619.711  0.971875  15036783     35.56
 5689.343  0.975000  15083365     40.00
 5771.263  0.978125  15132548     45.71
 5857.279  0.981250  15179801     53.33
 5943.295  0.984375  15229676     64.00
 6000.639  0.985937  15253259     71.11
 6062.079  0.987500  15276200     80.00
 6131.711  0.989062  15300561     91.43
 6209.535  0.990625  15325580    106.67
 6287.359  0.992188  15349894    128.00
 6324.223  0.992969  15361312    142.22
 6365.183  0.993750  15373797    160.00
 6406.143  0.994531  15385311    182.86
 6451.199  0.995313  15397304    213.33
 6504.447  0.996094  15409627    256.00
 6533.119  0.996484  15415105    284.45
 6569.983  0.996875  15421546    320.00
 6610.943  0.997266  15427196    365.72
 6655.999  0.997656  15433280    426.66
 6701.055  0.998047  15439484    512.00
 6725.631  0.998242  15442302    568.89
 6758.399  0.998438  15445521    640.01
 6791.167  0.998633  15448604    731.42
 6828.031  0.998828  15451551    853.32
 6864.895  0.999023  15454434   1024.00
 6889.471  0.999121  15456055   1137.75
 6909.951  0.999219  15457593   1280.02
 6934.527  0.999316  15459117   1462.83
 6963.199  0.999414  15460564   1706.74
 6995.967  0.999512  15462086   2048.00
 7012.351  0.999561  15462834   2275.49
 7024.639  0.999609  15463450   2559.84
 7036.927  0.999658  15464249   2925.92
 7057.407  0.999707  15465025   3413.47
 7077.887  0.999756  15465722   4096.00
 7086.079  0.999780  15466123   4551.60
 7098.367  0.999805  15466536   5119.69
 7106.559  0.999829  15466849   5851.84
 7122.943  0.999853  15467224   6825.56
 7147.519  0.999878  15467627   8192.00
 7159.807  0.999890  15467802   9103.21
 7167.999  0.999902  15467990  10242.50
 7176.191  0.999915  15468216  11699.59
 7184.383  0.999927  15468379  13651.11
 7192.575  0.999939  15468588  16384.00
 7196.671  0.999945  15468679  18196.55
 7200.767  0.999951  15468739  20485.00
 7217.151  0.999957  15468847  23399.19
 7229.439  0.999963  15468925  27324.46
 7254.015  0.999969  15469022  32768.00
 7266.303  0.999973  15469079  36393.09
 7278.591  0.999976  15469121  40920.04
 7286.783  0.999979  15469176  46863.73
 7290.879  0.999982  15469213  54648.91
 7299.071  0.999985  15469302  65536.00
 7299.071  0.999986  15469302  72944.41
 7299.071  0.999988  15469302  81840.08
 7307.263  0.999989  15469324  93727.46
 7331.839  0.999991  15469349 108942.96
 7348.223  0.999992  15469370 131072.00
 7360.511  0.999993  15469385 145888.83
 7368.703  0.999994  15469395 164482.52
 7380.991  0.999995  15469409 186413.52
 7389.183  0.999995  15469418 217885.92
 7405.567  0.999996  15469430 262144.00
 7413.759  0.999997  15469436 289262.34
 7421.951  0.999997  15469442 328965.03
 7430.143  0.999997  15469451 372827.03
 7434.239  0.999998  15469457 441505.69
 7438.335  0.999998  15469462 524288.00
 7438.335  0.999998  15469462 578524.69
 7442.431  0.999998  15469468 645277.56
 7442.431  0.999999  15469468 762600.75
 7446.527  0.999999  15469475 883011.38
 7446.527  0.999999  15469475 1048576.00
 7446.527  0.999999  15469475 1198372.62
 7450.623  0.999999  15469479 1290555.12
 7450.623  0.999999  15469479 1525201.50
 7454.719  0.999999  15469481 1677721.62
 7454.719  1.000000  15469481 2097152.00
 7458.815  1.000000  15469488 2396745.25
 7458.815  1.000000  15469488       inf

#[Mean    =  2441.118, StdDeviation   =  1578.440]
#[Max     =  7454.720, Total count    =  15469488]
#[Buckets =        27, SubBuckets     =      2048]
----------------------------------------------------------
  16771674 requests in 2.00m, 13.32GB read
Requests/sec: 139764.26
Transfer/sec:    113.70MB
-------------------------------------------
wrk2 -t4 -c512 -R148000 -d120 -L http://localhost
Running 2m test @ http://localhost
  4 threads and 512 connections
  Thread Calibration: Mean latency: 873.484ms, Rate Sampling Interval: 3293ms
  Thread Calibration: Mean latency: 920.309ms, Rate Sampling Interval: 3766ms
  Thread Calibration: Mean latency: 1013.114ms, Rate Sampling Interval: 3905ms
  Thread Calibration: Mean latency: 807.302ms, Rate Sampling Interval: 3293ms
  Thread Stats   Avg      Stdev     Max   +/- Stdev
    Latency   911.10ms  814.36ms   4.08s    62.98%
    Req/Sec    37.24k     2.78k   43.15k    63.41%

  Latency Distribution (HdrHistogram - Recorded Latency HDR)

  Percentile  Value

   50.000%  717.31ms
   75.000%    1.47s 
   90.000%    2.12s 
   99.000%    3.04s 
   99.900%    3.57s 
   99.990%    3.94s 
   99.999%    4.06s 
  100.000%    4.08s 

  Detailed Percentile Spectrum:

    Value Percentile  TotCount 1/(1-Percentile)

    0.089  0.000000         2      1.00
    9.431  0.100000   1628586      1.11
  112.767  0.200000   3257349      1.25
  281.855  0.300000   4886805      1.43
  479.487  0.400000   6514322      1.67
  717.311  0.500000   8142475      2.00
  848.895  0.550000   8957920      2.22
  988.671  0.600000   9771309      2.50
 1135.615  0.650000  10588254      2.86
 1298.431  0.700000  11401364      3.33
 1472.511  0.750000  12217170      4.00
 1561.599  0.775000  12624391      4.44
 1655.807  0.800000  13031054      5.00
 1757.183  0.825000  13435649      5.71
 1870.847  0.850000  13844204      6.67
 1986.559  0.875000  14250606      8.00
 2050.047  0.887500  14453217      8.89
 2121.727  0.900000  14656147     10.00
 2203.647  0.912500  14864030     11.43
 2287.615  0.925000  15065486     13.33
 2375.679  0.937500  15266449     16.00
 2424.831  0.943750  15370249     17.78
 2476.031  0.950000  15473057     20.00
 2537.471  0.956250  15573297     22.86
 2600.959  0.962500  15673912     26.67
 2680.831  0.968750  15777048     32.00
 2723.839  0.971875  15826836     35.56
 2768.895  0.975000  15878124     40.00
 2815.999  0.978125  15928193     45.71
 2859.007  0.981250  15979501     53.33
 2908.159  0.984375  16030099     64.00
 2940.927  0.985937  16055785     71.11
 2977.791  0.987500  16081495     80.00
 3018.751  0.989062  16106850     91.43
 3059.711  0.990625  16131890    106.67
 3102.719  0.992188  16156936    128.00
 3123.199  0.992969  16169419    142.22
 3149.823  0.993750  16182554    160.00
 3176.447  0.994531  16195284    182.86
 3209.215  0.995313  16207963    213.33
 3252.223  0.996094  16220877    256.00
 3274.751  0.996484  16226972    284.45
 3301.375  0.996875  16233049    320.00
 3330.047  0.997266  16239443    365.72
 3368.959  0.997656  16245982    426.66
 3411.967  0.998047  16252295    512.00
 3434.495  0.998242  16255295    568.89
 3459.071  0.998438  16258628    640.01
 3489.791  0.998633  16261808    731.42
 3530.751  0.998828  16264951    853.32
 3577.855  0.999023  16268046   1024.00
 3606.527  0.999121  16269792   1137.75
 3635.199  0.999219  16271279   1280.02
 3663.871  0.999316  16272858   1462.83
 3700.735  0.999414  16274410   1706.74
 3749.887  0.999512  16276015   2048.00
 3774.463  0.999561  16276784   2275.49
 3803.135  0.999609  16277660   2559.84
 3817.471  0.999658  16278492   2925.92
 3835.903  0.999707  16279196   3413.47
 3860.479  0.999756  16279932   4096.00
 3874.815  0.999780  16280336   4551.60
 3887.103  0.999805  16280766   5119.69
 3897.343  0.999829  16281211   5851.84
 3907.583  0.999853  16281538   6825.56
 3921.919  0.999878  16281928   8192.00
 3934.207  0.999890  16282159   9103.21
 3944.447  0.999902  16282329  10242.50
 3954.687  0.999915  16282534  11699.59
 3964.927  0.999927  16282743  13651.11
 3979.263  0.999939  16282928  16384.00
 3983.359  0.999945  16283037  18196.55
 3989.503  0.999951  16283133  20485.00
 3993.599  0.999957  16283218  23399.19
 4009.983  0.999963  16283314  27324.46
 4024.319  0.999969  16283410  32768.00
 4032.511  0.999973  16283482  36393.09
 4036.607  0.999976  16283518  40920.04
 4042.751  0.999979  16283581  46863.73
 4046.847  0.999982  16283644  54648.91
 4048.895  0.999985  16283661  65536.00
 4055.039  0.999986  16283708  72944.41
 4055.039  0.999988  16283708  81840.08
 4059.135  0.999989  16283741  93727.46
 4063.231  0.999991  16283773 108942.96
 4065.279  0.999992  16283790 131072.00
 4067.327  0.999993  16283812 145888.83
 4067.327  0.999994  16283812 164482.52
 4069.375  0.999995  16283836 186413.52
 4069.375  0.999995  16283836 217885.92
 4071.423  0.999996  16283862 262144.00
 4071.423  0.999997  16283862 289262.34
 4071.423  0.999997  16283862 328965.03
 4073.471  0.999997  16283866 372827.03
 4075.519  0.999998  16283871 441505.69
 4077.567  0.999998  16283876 524288.00
 4079.615  0.999998  16283881 578524.69
 4081.663  0.999998  16283890 645277.56
 4081.663  0.999999  16283890 762600.75
 4081.663  0.999999  16283890 883011.38
 4083.711  0.999999  16283906 1048576.00
 4083.711  1.000000  16283906       inf

#[Mean    =   911.102, StdDeviation   =   814.359]
#[Max     =  4081.664, Total count    =  16283906]
#[Buckets =        27, SubBuckets     =      2048]
----------------------------------------------------------
  17564471 requests in 2.00m, 13.95GB read
Requests/sec: 146369.61
Transfer/sec:    119.07MB
-------------------------------------------
wrk2 -t4 -c512 -R150000 -d120 -L http://localhost
Running 2m test @ http://localhost
  4 threads and 512 connections
  Thread Calibration: Mean latency: 564.350ms, Rate Sampling Interval: 2754ms
  Thread Calibration: Mean latency: 142.672ms, Rate Sampling Interval: 679ms
  Thread Calibration: Mean latency: 100.174ms, Rate Sampling Interval: 458ms
  Thread Calibration: Mean latency: 505.099ms, Rate Sampling Interval: 2654ms
  Thread Stats   Avg      Stdev     Max   +/- Stdev
    Latency     1.76s     1.20s    7.03s    68.57%
    Req/Sec    36.83k     4.02k   50.98k    70.56%

  Latency Distribution (HdrHistogram - Recorded Latency HDR)

  Percentile  Value

   50.000%    1.60s 
   75.000%    2.45s 
   90.000%    3.43s 
   99.000%    5.22s 
   99.900%    6.17s 
   99.990%    6.72s 
   99.999%    7.02s 
  100.000%    7.03s 

  Detailed Percentile Spectrum:

    Value Percentile  TotCount 1/(1-Percentile)

    0.068  0.000000         1      1.00
  310.271  0.100000   1606508      1.11
  716.287  0.200000   3215126      1.25
 1023.487  0.300000   4821077      1.43
 1302.527  0.400000   6426631      1.67
 1595.391  0.500000   8035959      2.00
 1744.895  0.550000   8838888      2.22
 1900.543  0.600000   9643628      2.50
 2058.239  0.650000  10445988      2.86
 2240.511  0.700000  11247698      3.33
 2451.455  0.750000  12052066      4.00
 2566.143  0.775000  12452176      4.44
 2695.167  0.800000  12856658      5.00
 2832.383  0.825000  13258187      5.71
 2988.031  0.850000  13656964      6.67
 3184.639  0.875000  14056889      8.00
 3305.471  0.887500  14259446      8.89
 3430.399  0.900000  14460431     10.00
 3571.711  0.912500  14661186     11.43
 3719.167  0.925000  14860143     13.33
 3878.911  0.937500  15062640     16.00
 3966.975  0.943750  15161556     17.78
 4069.375  0.950000  15262473     20.00
 4179.967  0.956250  15362411     22.86
 4292.607  0.962500  15462771     26.67
 4423.679  0.968750  15563679     32.00
 4497.407  0.971875  15615029     35.56
 4575.231  0.975000  15663950     40.00
 4661.247  0.978125  15713929     45.71
 4788.223  0.981250  15764934     53.33
 4935.679  0.984375  15814957     64.00
 5009.407  0.985937  15839073     71.11
 5087.231  0.987500  15865045     80.00
 5165.055  0.989062  15889256     91.43
 5251.071  0.990625  15915371    106.67
 5324.799  0.992188  15939561    128.00
 5369.855  0.992969  15952380    142.22
 5431.295  0.993750  15965260    160.00
 5488.639  0.994531  15977704    182.86
 5541.887  0.995313  15989621    213.33
 5627.903  0.996094  16002640    256.00
 5668.863  0.996484  16008735    284.45
 5713.919  0.996875  16015199    320.00
 5775.359  0.997266  16021034    365.72
 5849.087  0.997656  16027333    426.66
 5926.911  0.998047  16033614    512.00
 5971.967  0.998242  16036676    568.89
 6029.311  0.998438  16039827    640.01
 6103.039  0.998633  16043227    731.42
 6139.903  0.998828  16046289    853.32
 6180.863  0.999023  16049326   1024.00
 6205.439  0.999121  16050874   1137.75
 6234.111  0.999219  16052524   1280.02
 6275.071  0.999316  16053932   1462.83
 6344.703  0.999414  16055479   1706.74
 6389.759  0.999512  16057180   2048.00
 6410.239  0.999561  16057828   2275.49
 6426.623  0.999609  16058755   2559.84
 6438.911  0.999658  16059437   2925.92
 6451.199  0.999707  16060192   3413.47
 6479.871  0.999756  16061056   4096.00
 6496.255  0.999780  16061457   4551.60
 6504.447  0.999805  16061763   5119.69
 6631.423  0.999829  16062162   5851.84
 6672.383  0.999853  16062584   6825.56
 6696.959  0.999878  16062953   8192.00
 6709.247  0.999890  16063135   9103.21
 6725.631  0.999902  16063322  10242.50
 6754.303  0.999915  16063663  11699.59
 6758.399  0.999927  16063799  13651.11
 6811.647  0.999939  16063908  16384.00
 6860.799  0.999945  16064006  18196.55
 6897.663  0.999951  16064105  20485.00
 6942.719  0.999957  16064206  23399.19
 6963.199  0.999963  16064306  27324.46
 6991.871  0.999969  16064397  32768.00
 7004.159  0.999973  16064495  36393.09
 7004.159  0.999976  16064495  40920.04
 7012.351  0.999979  16064574  46863.73
 7016.447  0.999982  16064640  54648.91
 7020.543  0.999985  16064715  65536.00
 7020.543  0.999986  16064715  72944.41
 7020.543  0.999988  16064715  81840.08
 7020.543  0.999989  16064715  93727.46
 7024.639  0.999991  16064792 108942.96
 7024.639  0.999992  16064792 131072.00
 7024.639  0.999993  16064792 145888.83
 7024.639  0.999994  16064792 164482.52
 7028.735  0.999995  16064873 186413.52
 7028.735  0.999995  16064873 217885.92
 7028.735  0.999996  16064873 262144.00
 7028.735  0.999997  16064873 289262.34
 7028.735  0.999997  16064873 328965.03
 7028.735  0.999997  16064873 372827.03
 7028.735  0.999998  16064873 441505.69
 7028.735  0.999998  16064873 524288.00
 7028.735  0.999998  16064873 578524.69
 7028.735  0.999998  16064873 645277.56
 7028.735  0.999999  16064873 762600.75
 7028.735  0.999999  16064873 883011.38
 7028.735  0.999999  16064873 1048576.00
 7028.735  0.999999  16064873 1198372.62
 7032.831  0.999999  16064886 1290555.12
 7032.831  1.000000  16064886       inf

#[Mean    =  1760.735, StdDeviation   =  1197.687]
#[Max     =  7028.736, Total count    =  16064886]
#[Buckets =        27, SubBuckets     =      2048]
----------------------------------------------------------
  17532399 requests in 2.00m, 13.93GB read
Requests/sec: 146103.07
Transfer/sec:    118.85MB
-------------------------------------------
wrk2 -t4 -c512 -R152000 -d120 -L http://localhost
Running 2m test @ http://localhost
  4 threads and 512 connections
  Thread Calibration: Mean latency: 902.390ms, Rate Sampling Interval: 6938ms
  Thread Calibration: Mean latency: 900.315ms, Rate Sampling Interval: 6934ms
  Thread Calibration: Mean latency: 2123.502ms, Rate Sampling Interval: 8724ms
  Thread Calibration: Mean latency: 2120.219ms, Rate Sampling Interval: 9060ms
  Thread Stats   Avg      Stdev     Max   +/- Stdev
    Latency     2.16s     2.17s    7.82s    76.20%
    Req/Sec    38.72k     3.18k   51.05k    81.48%

  Latency Distribution (HdrHistogram - Recorded Latency HDR)

  Percentile  Value

   50.000%    1.25s 
   75.000%    4.18s 
   90.000%    5.55s 
   99.000%    6.68s 
   99.900%    7.29s 
   99.990%    7.68s 
   99.999%    7.77s 
  100.000%    7.82s 

  Detailed Percentile Spectrum:

    Value Percentile  TotCount 1/(1-Percentile)

    0.082  0.000000         1      1.00
    4.041  0.100000   1691779      1.11
  118.271  0.200000   3383132      1.25
  351.999  0.300000   5075474      1.43
  698.367  0.400000   6767374      1.67
 1251.327  0.500000   8457139      2.00
 1606.655  0.550000   9303768      2.22
 2078.719  0.600000  10148941      2.50
 2811.903  0.650000  10994750      2.86
 3573.759  0.700000  11840424      3.33
 4179.967  0.750000  12685851      4.00
 4481.023  0.775000  13108409      4.44
 4730.879  0.800000  13535704      5.00
 4915.199  0.825000  13956807      5.71
 5087.231  0.850000  14379812      6.67
 5287.935  0.875000  14804039      8.00
 5406.719  0.887500  15013525      8.89
 5550.079  0.900000  15226217     10.00
 5677.055  0.912500  15441287     11.43
 5804.031  0.925000  15651908     13.33
 5939.199  0.937500  15858802     16.00
 6000.639  0.943750  15963111     17.78
 6070.271  0.950000  16069873     20.00
 6139.903  0.956250  16180029     22.86
 6213.631  0.962500  16280928     26.67
 6291.455  0.968750  16386441     32.00
 6332.415  0.971875  16439371     35.56
 6377.471  0.975000  16493602     40.00
 6426.623  0.978125  16546751     45.71
 6479.871  0.981250  16598086     53.33
 6549.503  0.984375  16652208     64.00
 6586.367  0.985937  16676867     71.11
 6623.231  0.987500  16703666     80.00
 6660.095  0.989062  16730378     91.43
 6701.055  0.990625  16756163    106.67
 6754.303  0.992188  16783500    128.00
 6782.975  0.992969  16796148    142.22
 6811.647  0.993750  16809456    160.00
 6844.415  0.994531  16822914    182.86
 6873.087  0.995313  16834945    213.33
 6914.047  0.996094  16848848    256.00
 6938.623  0.996484  16855442    284.45
 6967.295  0.996875  16861618    320.00
 7000.063  0.997266  16868409    365.72
 7032.831  0.997656  16874416    426.66
 7086.079  0.998047  16881375    512.00
 7110.655  0.998242  16884656    568.89
 7147.519  0.998438  16887918    640.01
 7188.479  0.998633  16890947    731.42
 7241.727  0.998828  16894314    853.32
 7290.879  0.999023  16897556   1024.00
 7311.359  0.999121  16899196   1137.75
 7335.935  0.999219  16900923   1280.02
 7360.511  0.999316  16902544   1462.83
 7385.087  0.999414  16904236   1706.74
 7413.759  0.999512  16905886   2048.00
 7434.239  0.999561  16906681   2275.49
 7471.103  0.999609  16907490   2559.84
 7503.871  0.999658  16908245   2925.92
 7548.927  0.999707  16909162   3413.47
 7573.503  0.999756  16909984   4096.00
 7585.791  0.999780  16910408   4551.60
 7598.079  0.999805  16910786   5119.69
 7618.559  0.999829  16911130   5851.84
 7639.039  0.999853  16911577   6825.56
 7659.519  0.999878  16911955   8192.00
 7671.807  0.999890  16912242   9103.21
 7679.999  0.999902  16912499  10242.50
 7684.095  0.999915  16912620  11699.59
 7696.383  0.999927  16912833  13651.11
 7700.479  0.999939  16913047  16384.00
 7704.575  0.999945  16913104  18196.55
 7708.671  0.999951  16913275  20485.00
 7712.767  0.999957  16913325  23399.19
 7720.959  0.999963  16913405  27324.46
 7729.151  0.999969  16913531  32768.00
 7733.247  0.999973  16913583  36393.09
 7737.343  0.999976  16913613  40920.04
 7745.535  0.999979  16913683  46863.73
 7749.631  0.999982  16913715  54648.91
 7757.823  0.999985  16913780  65536.00
 7761.919  0.999986  16913825  72944.41
 7761.919  0.999988  16913825  81840.08
 7766.015  0.999989  16913855  93727.46
 7770.111  0.999991  16913879 108942.96
 7774.207  0.999992  16913898 131072.00
 7778.303  0.999993  16913916 145888.83
 7778.303  0.999994  16913916 164482.52
 7782.399  0.999995  16913933 186413.52
 7786.495  0.999995  16913947 217885.92
 7790.591  0.999996  16913956 262144.00
 7794.687  0.999997  16913966 289262.34
 7798.783  0.999997  16913975 328965.03
 7798.783  0.999997  16913975 372827.03
 7802.879  0.999998  16913984 441505.69
 7806.975  0.999998  16913990 524288.00
 7806.975  0.999998  16913990 578524.69
 7811.071  0.999998  16914002 645277.56
 7811.071  0.999999  16914002 762600.75
 7811.071  0.999999  16914002 883011.38
 7815.167  0.999999  16914011 1048576.00
 7815.167  0.999999  16914011 1198372.62
 7815.167  0.999999  16914011 1290555.12
 7815.167  0.999999  16914011 1525201.50
 7815.167  0.999999  16914011 1677721.62
 7815.167  1.000000  16914011 2097152.00
 7819.263  1.000000  16914019 2396745.25
 7819.263  1.000000  16914019       inf

#[Mean    =  2159.920, StdDeviation   =  2165.502]
#[Max     =  7815.168, Total count    =  16914019]
#[Buckets =        27, SubBuckets     =      2048]
----------------------------------------------------------
  18080188 requests in 2.00m, 14.36GB read
Requests/sec: 150668.75
Transfer/sec:    122.57MB
-------------------------------------------
wrk2 -t4 -c512 -R154000 -d120 -L http://localhost
Running 2m test @ http://localhost
  4 threads and 512 connections
  Thread Calibration: Mean latency: 330.331ms, Rate Sampling Interval: 1858ms
  Thread Calibration: Mean latency: 437.044ms, Rate Sampling Interval: 2121ms
  Thread Calibration: Mean latency: 375.138ms, Rate Sampling Interval: 1986ms
  Thread Calibration: Mean latency: 506.536ms, Rate Sampling Interval: 2189ms
  Thread Stats   Avg      Stdev     Max   +/- Stdev
    Latency     1.38s     1.64s    7.42s    80.64%
    Req/Sec    36.73k     4.62k   51.82k    80.28%

  Latency Distribution (HdrHistogram - Recorded Latency HDR)

  Percentile  Value

   50.000%  630.78ms
   75.000%    2.00s 
   90.000%    4.27s 
   99.000%    5.80s 
   99.900%    6.47s 
   99.990%    7.10s 
   99.999%    7.38s 
  100.000%    7.43s 

  Detailed Percentile Spectrum:

    Value Percentile  TotCount 1/(1-Percentile)

    0.070  0.000000         1      1.00
    3.757  0.100000   1605469      1.11
   66.815  0.200000   3211052      1.25
  206.079  0.300000   4816512      1.43
  373.247  0.400000   6422609      1.67
  630.783  0.500000   8027112      2.00
  814.079  0.550000   8831088      2.22
 1064.959  0.600000   9633496      2.50
 1307.647  0.650000  10435337      2.86
 1572.863  0.700000  11238821      3.33
 2002.943  0.750000  12041641      4.00
 2365.439  0.775000  12442045      4.44
 2899.967  0.800000  12844366      5.00
 3297.279  0.825000  13244927      5.71
 3633.151  0.850000  13646958      6.67
 3950.591  0.875000  14046872      8.00
 4114.431  0.887500  14248493      8.89
 4268.031  0.900000  14449909     10.00
 4419.583  0.912500  14654420     11.43
 4583.423  0.925000  14850661     13.33
 4763.647  0.937500  15052028     16.00
 4845.567  0.943750  15153010     17.78
 4927.487  0.950000  15252340     20.00
 5009.407  0.956250  15355221     22.86
 5095.423  0.962500  15452839     26.67
 5193.727  0.968750  15554906     32.00
 5255.167  0.971875  15604387     35.56
 5324.799  0.975000  15652348     40.00
 5398.527  0.978125  15703009     45.71
 5484.543  0.981250  15754382     53.33
 5578.751  0.984375  15803151     64.00
 5627.903  0.985937  15828219     71.11
 5689.343  0.987500  15853379     80.00
 5758.975  0.989062  15878487     91.43
 5828.607  0.990625  15903721    106.67
 5898.239  0.992188  15928645    128.00
 5935.103  0.992969  15941101    142.22
 5971.967  0.993750  15953482    160.00
 6017.023  0.994531  15966460    182.86
 6062.079  0.995313  15978648    213.33
 6107.135  0.996094  15991291    256.00
 6131.711  0.996484  15997743    284.45
 6160.383  0.996875  16003701    320.00
 6197.247  0.997266  16009969    365.72
 6238.207  0.997656  16015895    426.66
 6283.263  0.998047  16022403    512.00
 6307.839  0.998242  16025263    568.89
 6344.703  0.998438  16028509    640.01
 6377.471  0.998633  16031571    731.42
 6422.527  0.998828  16034765    853.32
 6471.679  0.999023  16037893   1024.00
 6496.255  0.999121  16039436   1137.75
 6533.119  0.999219  16041072   1280.02
 6569.983  0.999316  16042617   1462.83
 6610.943  0.999414  16044116   1706.74
 6651.903  0.999512  16045720   2048.00
 6672.383  0.999561  16046483   2275.49
 6709.247  0.999609  16047252   2559.84
 6758.399  0.999658  16048024   2925.92
 6799.359  0.999707  16048884   3413.47
 6840.319  0.999756  16049596   4096.00
 6864.895  0.999780  16049996   4551.60
 6885.375  0.999805  16050359   5119.69
 6926.335  0.999829  16050744   5851.84
 7000.063  0.999853  16051153   6825.56
 7057.407  0.999878  16051536   8192.00
 7090.175  0.999890  16051717   9103.21
 7106.559  0.999902  16051914  10242.50
 7135.231  0.999915  16052130  11699.59
 7159.807  0.999927  16052309  13651.11
 7221.247  0.999939  16052497  16384.00
 7249.919  0.999945  16052656  18196.55
 7254.015  0.999951  16052716  20485.00
 7266.303  0.999957  16052809  23399.19
 7278.591  0.999963  16052895  27324.46
 7299.071  0.999969  16052996  32768.00
 7311.359  0.999973  16053042  36393.09
 7340.031  0.999976  16053102  40920.04
 7344.127  0.999979  16053161  46863.73
 7348.223  0.999982  16053205  54648.91
 7364.607  0.999985  16053234  65536.00
 7368.703  0.999986  16053266  72944.41
 7372.799  0.999988  16053301  81840.08
 7376.895  0.999989  16053344  93727.46
 7376.895  0.999991  16053344 108942.96
 7380.991  0.999992  16053392 131072.00
 7380.991  0.999993  16053392 145888.83
 7380.991  0.999994  16053392 164482.52
 7380.991  0.999995  16053392 186413.52
 7385.087  0.999995  16053431 217885.92
 7385.087  0.999996  16053431 262144.00
 7385.087  0.999997  16053431 289262.34
 7385.087  0.999997  16053431 328965.03
 7389.183  0.999997  16053435 372827.03
 7393.279  0.999998  16053440 441505.69
 7405.567  0.999998  16053446 524288.00
 7409.663  0.999998  16053449 578524.69
 7413.759  0.999998  16053453 645277.56
 7417.855  0.999999  16053457 762600.75
 7421.951  0.999999  16053473 883011.38
 7421.951  0.999999  16053473 1048576.00
 7421.951  0.999999  16053473 1198372.62
 7421.951  0.999999  16053473 1290555.12
 7421.951  0.999999  16053473 1525201.50
 7421.951  0.999999  16053473 1677721.62
 7421.951  1.000000  16053473 2097152.00
 7421.951  1.000000  16053473 2396745.25
 7421.951  1.000000  16053473 2796202.75
 7421.951  1.000000  16053473 2796202.75
 7421.951  1.000000  16053473 3355443.25
 7421.951  1.000000  16053473 4194304.00
 7421.951  1.000000  16053473 4194304.00
 7421.951  1.000000  16053473 5592405.50
 7426.047  1.000000  16053476 5592405.50
 7426.047  1.000000  16053476       inf

#[Mean    =  1379.286, StdDeviation   =  1639.781]
#[Max     =  7421.952, Total count    =  16053476]
#[Buckets =        27, SubBuckets     =      2048]
----------------------------------------------------------
  17507144 requests in 2.00m, 13.91GB read
Requests/sec: 145891.07
Transfer/sec:    118.68MB
-------------------------------------------
wrk2 -t4 -c512 -R156000 -d120 -L http://localhost
Running 2m test @ http://localhost
  4 threads and 512 connections
  Thread Calibration: Mean latency: 783.732ms, Rate Sampling Interval: 3921ms
  Thread Calibration: Mean latency: 735.438ms, Rate Sampling Interval: 3895ms
  Thread Calibration: Mean latency: 1600.955ms, Rate Sampling Interval: 5152ms
  Thread Calibration: Mean latency: 1277.232ms, Rate Sampling Interval: 4952ms
  Thread Stats   Avg      Stdev     Max   +/- Stdev
    Latency     6.32s     2.59s   14.21s    63.84%
    Req/Sec    35.73k     2.11k   40.41k    69.39%

  Latency Distribution (HdrHistogram - Recorded Latency HDR)

  Percentile  Value

   50.000%    6.32s 
   75.000%    8.25s 
   90.000%    9.77s 
   99.000%   11.89s 
   99.900%   13.06s 
   99.990%   13.77s 
   99.999%   14.11s 
  100.000%   14.22s 

  Detailed Percentile Spectrum:

    Value Percentile  TotCount 1/(1-Percentile)

  452.607  0.000000         1      1.00
 2945.023  0.100000   1562501      1.11
 3807.231  0.200000   3124260      1.25
 4620.287  0.300000   4688875      1.43
 5472.255  0.400000   6248069      1.67
 6316.031  0.500000   7812912      2.00
 6766.591  0.550000   8593612      2.22
 7176.191  0.600000   9368254      2.50
 7548.927  0.650000  10150394      2.86
 7913.471  0.700000  10931843      3.33
 8249.343  0.750000  11714407      4.00
 8445.951  0.775000  12102045      4.44
 8658.943  0.800000  12494158      5.00
 8871.935  0.825000  12886378      5.71
 9134.079  0.850000  13275426      6.67
 9437.183  0.875000  13665839      8.00
 9601.023  0.887500  13857356      8.89
 9773.055  0.900000  14057994     10.00
 9945.087  0.912500  14249414     11.43
10141.695  0.925000  14445215     13.33
10362.879  0.937500  14642962     16.00
10469.375  0.943750  14735098     17.78
10592.255  0.950000  14835061     20.00
10731.519  0.956250  14934656     22.86
10870.783  0.962500  15027280     26.67
11042.815  0.968750  15125889     32.00
11141.119  0.971875  15175824     35.56
11239.423  0.975000  15225221     40.00
11337.727  0.978125  15271062     45.71
11468.799  0.981250  15320276     53.33
11608.063  0.984375  15370736     64.00
11673.599  0.985937  15393699     71.11
11755.519  0.987500  15418579     80.00
11837.439  0.989062  15442823     91.43
11927.551  0.990625  15466264    106.67
12034.047  0.992188  15491803    128.00
12091.391  0.992969  15504278    142.22
12148.735  0.993750  15515469    160.00
12206.079  0.994531  15527294    182.86
12279.807  0.995313  15539902    213.33
12369.919  0.996094  15551511    256.00
12419.071  0.996484  15557649    284.45
12468.223  0.996875  15564275    320.00
12509.183  0.997266  15570000    365.72
12558.335  0.997656  15575914    426.66
12673.023  0.998047  15581985    512.00
12738.559  0.998242  15585510    568.89
12812.287  0.998438  15588110    640.01
12902.399  0.998633  15591123    731.42
12976.127  0.998828  15594331    853.32
13074.431  0.999023  15597449   1024.00
13123.583  0.999121  15598734   1137.75
13180.927  0.999219  15600254   1280.02
13230.079  0.999316  15601827   1462.83
13279.231  0.999414  15603486   1706.74
13320.191  0.999512  15604888   2048.00
13344.767  0.999561  15605664   2275.49
13385.727  0.999609  15606384   2559.84
13426.687  0.999658  15607239   2925.92
13475.839  0.999707  15607882   3413.47
13590.527  0.999756  15608667   4096.00
13623.295  0.999780  15609098   4551.60
13664.255  0.999805  15609429   5119.69
13713.407  0.999829  15609947   5851.84
13737.983  0.999853  15610197   6825.56
13762.559  0.999878  15610733   8192.00
13762.559  0.999890  15610733   9103.21
13770.751  0.999902  15610931  10242.50
13795.327  0.999915  15611167  11699.59
13836.287  0.999927  15611358  13651.11
13877.247  0.999939  15611506  16384.00
13901.823  0.999945  15611585  18196.55
13967.359  0.999951  15611684  20485.00
14016.511  0.999957  15611781  23399.19
14057.471  0.999963  15611934  27324.46
14065.663  0.999969  15612098  32768.00
14065.663  0.999973  15612098  36393.09
14065.663  0.999976  15612098  40920.04
14073.855  0.999979  15612127  46863.73
14082.047  0.999982  15612183  54648.91
14090.239  0.999985  15612231  65536.00
14090.239  0.999986  15612231  72944.41
14098.431  0.999988  15612267  81840.08
14106.623  0.999989  15612310  93727.46
14106.623  0.999991  15612310 108942.96
14114.815  0.999992  15612350 131072.00
14114.815  0.999993  15612350 145888.83
14114.815  0.999994  15612350 164482.52
14123.007  0.999995  15612384 186413.52
14123.007  0.999995  15612384 217885.92
14123.007  0.999996  15612384 262144.00
14131.199  0.999997  15612393 289262.34
14139.391  0.999997  15612398 328965.03
14147.583  0.999997  15612403 372827.03
14155.775  0.999998  15612407 441505.69
14172.159  0.999998  15612413 524288.00
14180.351  0.999998  15612418 578524.69
14188.543  0.999998  15612424 645277.56
14188.543  0.999999  15612424 762600.75
14196.735  0.999999  15612429 883011.38
14196.735  0.999999  15612429 1048576.00
14196.735  0.999999  15612429 1198372.62
14204.927  0.999999  15612434 1290555.12
14204.927  0.999999  15612434 1525201.50
14204.927  0.999999  15612434 1677721.62
14213.119  1.000000  15612439 2097152.00
14213.119  1.000000  15612439 2396745.25
14213.119  1.000000  15612439 2796202.75
14213.119  1.000000  15612439 2796202.75
14213.119  1.000000  15612439 3355443.25
14213.119  1.000000  15612439 4194304.00
14213.119  1.000000  15612439 4194304.00
14221.311  1.000000  15612442 5592405.50
14221.311  1.000000  15612442       inf

#[Mean    =  6317.138, StdDeviation   =  2587.166]
#[Max     = 14213.120, Total count    =  15612442]
#[Buckets =        27, SubBuckets     =      2048]
----------------------------------------------------------
  16879653 requests in 2.00m, 13.41GB read
Requests/sec: 140664.36
Transfer/sec:    114.43MB
-------------------------------------------
wrk2 -t4 -c512 -R158000 -d120 -L http://localhost
Running 2m test @ http://localhost
  4 threads and 512 connections
  Thread Calibration: Mean latency: 224.276ms, Rate Sampling Interval: 1287ms
  Thread Calibration: Mean latency: 2082.477ms, Rate Sampling Interval: 7774ms
  Thread Calibration: Mean latency: 263.746ms, Rate Sampling Interval: 1520ms
  Thread Calibration: Mean latency: 1775.805ms, Rate Sampling Interval: 6885ms
  Thread Stats   Avg      Stdev     Max   +/- Stdev
    Latency     3.57s     2.15s   10.81s    62.39%
    Req/Sec    38.31k     4.37k   56.21k    67.39%

  Latency Distribution (HdrHistogram - Recorded Latency HDR)

  Percentile  Value

   50.000%    3.09s 
   75.000%    5.26s 
   90.000%    6.74s 
   99.000%    8.44s 
   99.900%    9.57s 
   99.990%   10.52s 
   99.999%   10.79s 
  100.000%   10.82s 

  Detailed Percentile Spectrum:

    Value Percentile  TotCount 1/(1-Percentile)

    0.305  0.000000         1      1.00
 1037.823  0.100000   1669874      1.11
 1599.487  0.200000   3340402      1.25
 2121.727  0.300000   5010534      1.43
 2572.287  0.400000   6679769      1.67
 3090.431  0.500000   8352503      2.00
 3422.207  0.550000   9185188      2.22
 3819.519  0.600000  10018748      2.50
 4239.359  0.650000  10856331      2.86
 4694.015  0.700000  11694850      3.33
 5263.359  0.750000  12522891      4.00
 5545.983  0.775000  12944822      4.44
 5791.743  0.800000  13359888      5.00
 6029.311  0.825000  13779631      5.71
 6250.495  0.850000  14193573      6.67
 6492.159  0.875000  14616588      8.00
 6610.943  0.887500  14820022      8.89
 6742.015  0.900000  15033259     10.00
 6889.471  0.912500  15238088     11.43
 7065.599  0.925000  15445400     13.33
 7258.111  0.937500  15656367     16.00
 7364.607  0.943750  15759360     17.78
 7467.007  0.950000  15863035     20.00
 7573.503  0.956250  15966859     22.86
 7688.191  0.962500  16071226     26.67
 7823.359  0.968750  16177592     32.00
 7888.895  0.971875  16227733     35.56
 7958.527  0.975000  16281020     40.00
 8036.351  0.978125  16333147     45.71
 8126.463  0.981250  16385778     53.33
 8224.767  0.984375  16436448     64.00
 8278.015  0.985937  16463664     71.11
 8335.359  0.987500  16489925     80.00
 8396.799  0.989062  16514532     91.43
 8470.527  0.990625  16541617    106.67
 8593.407  0.992188  16567707    128.00
 8650.751  0.992969  16580257    142.22
 8724.479  0.993750  16594127    160.00
 8790.015  0.994531  16606304    182.86
 8863.743  0.995313  16619312    213.33
 8945.663  0.996094  16632236    256.00
 8994.815  0.996484  16639379    284.45
 9068.543  0.996875  16645560    320.00
 9134.079  0.997266  16651536    365.72
 9240.575  0.997656  16658139    426.66
 9306.111  0.998047  16665274    512.00
 9330.687  0.998242  16668071    568.89
 9371.647  0.998438  16671558    640.01
 9420.799  0.998633  16674535    731.42
 9494.527  0.998828  16677681    853.32
 9584.639  0.999023  16681062   1024.00
 9641.983  0.999121  16682480   1137.75
 9707.519  0.999219  16684108   1280.02
 9764.863  0.999316  16685861   1462.83
 9814.015  0.999414  16687586   1706.74
 9879.551  0.999512  16689041   2048.00
 9945.087  0.999561  16689834   2275.49
10002.431  0.999609  16690746   2559.84
10035.199  0.999658  16691536   2925.92
10100.735  0.999707  16692298   3413.47
10149.887  0.999756  16693306   4096.00
10166.271  0.999780  16693585   4551.60
10207.231  0.999805  16693949   5119.69
10239.999  0.999829  16694309   5851.84
10338.303  0.999853  16694712   6825.56
10493.951  0.999878  16695155   8192.00
10510.335  0.999890  16695436   9103.21
10518.527  0.999902  16695525  10242.50
10592.255  0.999915  16695755  11699.59
10608.639  0.999927  16695999  13651.11
10633.215  0.999939  16696166  16384.00
10649.599  0.999945  16696283  18196.55
10657.791  0.999951  16696361  20485.00
10674.175  0.999957  16696469  23399.19
10690.559  0.999963  16696578  27324.46
10715.135  0.999969  16696702  32768.00
10715.135  0.999973  16696702  36393.09
10723.327  0.999976  16696789  40920.04
10731.519  0.999979  16696819  46863.73
10739.711  0.999982  16696886  54648.91
10747.903  0.999985  16696919  65536.00
10756.095  0.999986  16696940  72944.41
10764.287  0.999988  16696948  81840.08
10788.863  0.999989  16696989  93727.46
10797.055  0.999991  16697016 108942.96
10805.247  0.999992  16697042 131072.00
10805.247  0.999993  16697042 145888.83
10813.439  0.999994  16697104 164482.52
10813.439  0.999995  16697104 186413.52
10813.439  0.999995  16697104 217885.92
10813.439  0.999996  16697104 262144.00
10813.439  0.999997  16697104 289262.34
10813.439  0.999997  16697104 328965.03
10821.631  0.999997  16697151 372827.03
10821.631  1.000000  16697151       inf

#[Mean    =  3574.828, StdDeviation   =  2148.925]
#[Max     = 10813.440, Total count    =  16697151]
#[Buckets =        27, SubBuckets     =      2048]
----------------------------------------------------------
  17986706 requests in 2.00m, 14.29GB read
Requests/sec: 149887.01
Transfer/sec:    121.93MB
-------------------------------------------
wrk2 -t4 -c512 -R160000 -d120 -L http://localhost
Running 2m test @ http://localhost
  4 threads and 512 connections
  Thread Calibration: Mean latency: 180.455ms, Rate Sampling Interval: 1200ms
  Thread Calibration: Mean latency: 149.891ms, Rate Sampling Interval: 996ms
  Thread Calibration: Mean latency: 2642.842ms, Rate Sampling Interval: 7958ms
  Thread Calibration: Mean latency: 2312.134ms, Rate Sampling Interval: 7737ms
  Thread Stats   Avg      Stdev     Max   +/- Stdev
    Latency     3.45s     2.36s   10.44s    65.34%
    Req/Sec    39.36k     4.03k   53.77k    72.25%

  Latency Distribution (HdrHistogram - Recorded Latency HDR)

  Percentile  Value

   50.000%    2.75s 
   75.000%    5.28s 
   90.000%    6.88s 
   99.000%    8.84s 
   99.900%    9.74s 
   99.990%   10.19s 
   99.999%   10.33s 
  100.000%   10.44s 

  Detailed Percentile Spectrum:

    Value Percentile  TotCount 1/(1-Percentile)

    0.444  0.000000         1      1.00
  752.127  0.100000   1714040      1.11
 1224.703  0.200000   3427199      1.25
 1670.143  0.300000   5143340      1.43
 2160.639  0.400000   6856128      1.67
 2750.463  0.500000   8570147      2.00
 3340.287  0.550000   9425986      2.22
 4128.767  0.600000  10283442      2.50
 4575.231  0.650000  11147174      2.86
 4956.159  0.700000  12002582      3.33
 5283.839  0.750000  12861756      4.00
 5443.583  0.775000  13285852      4.44
 5619.711  0.800000  13715780      5.00
 5844.991  0.825000  14137644      5.71
 6160.383  0.850000  14568646      6.67
 6545.407  0.875000  14995814      8.00
 6709.247  0.887500  15210777      8.89
 6881.279  0.900000  15423723     10.00
 7131.135  0.912500  15637303     11.43
 7409.663  0.925000  15852746     13.33
 7626.751  0.937500  16068944     16.00
 7729.151  0.943750  16174378     17.78
 7831.551  0.950000  16283003     20.00
 7938.047  0.956250  16388650     22.86
 8052.735  0.962500  16493285     26.67
 8163.327  0.968750  16601721     32.00
 8220.671  0.971875  16656094     35.56
 8278.015  0.975000  16708379     40.00
 8347.647  0.978125  16761216     45.71
 8445.951  0.981250  16815806     53.33
 8560.639  0.984375  16868975     64.00
 8626.175  0.985937  16896195     71.11
 8699.903  0.987500  16922891     80.00
 8790.015  0.989062  16950597     91.43
 8888.319  0.990625  16977365    106.67
 8970.239  0.992188  17002216    128.00
 9027.583  0.992969  17016663    142.22
 9093.119  0.993750  17030191    160.00
 9158.655  0.994531  17043582    182.86
 9215.999  0.995313  17055511    213.33
 9314.303  0.996094  17069707    256.00
 9363.455  0.996484  17076392    284.45
 9412.607  0.996875  17083007    320.00
 9461.759  0.997266  17089214    365.72
 9519.103  0.997656  17096183    426.66
 9568.255  0.998047  17102503    512.00
 9601.023  0.998242  17106537    568.89
 9625.599  0.998438  17109007    640.01
 9666.559  0.998633  17112921    731.42
 9699.327  0.998828  17116223    853.32
 9748.479  0.999023  17119378   1024.00
 9781.247  0.999121  17121134   1137.75
 9805.823  0.999219  17122582   1280.02
 9838.591  0.999316  17124514   1462.83
 9871.359  0.999414  17125811   1706.74
 9936.895  0.999512  17127673   2048.00
 9961.471  0.999561  17128538   2275.49
 9977.855  0.999609  17129150   2559.84
10010.623  0.999658  17130046   2925.92
10051.583  0.999707  17130769   3413.47
10092.543  0.999756  17131605   4096.00
10108.927  0.999780  17132250   4551.60
10117.119  0.999805  17132435   5119.69
10133.503  0.999829  17133063   5851.84
10149.887  0.999853  17133330   6825.56
10174.463  0.999878  17133702   8192.00
10182.655  0.999890  17133969   9103.21
10190.847  0.999902  17134129  10242.50
10199.039  0.999915  17134385  11699.59
10215.423  0.999927  17134531  13651.11
10239.999  0.999939  17134859  16384.00
10239.999  0.999945  17134859  18196.55
10248.191  0.999951  17134957  20485.00
10264.575  0.999957  17135154  23399.19
10264.575  0.999963  17135154  27324.46
10272.767  0.999969  17135275  32768.00
10280.959  0.999973  17135404  36393.09
10280.959  0.999976  17135404  40920.04
10289.151  0.999979  17135458  46863.73
10297.343  0.999982  17135490  54648.91
10305.535  0.999985  17135525  65536.00
10313.727  0.999986  17135554  72944.41
10321.919  0.999988  17135579  81840.08
10330.111  0.999989  17135606  93727.46
10338.303  0.999991  17135628 108942.96
10346.495  0.999992  17135648 131072.00
10354.687  0.999993  17135665 145888.83
10362.879  0.999994  17135683 164482.52
10371.071  0.999995  17135702 186413.52
10371.071  0.999995  17135702 217885.92
10379.263  0.999996  17135719 262144.00
10379.263  0.999997  17135719 289262.34
10387.455  0.999997  17135725 328965.03
10395.647  0.999997  17135732 372827.03
10403.839  0.999998  17135742 441505.69
10412.031  0.999998  17135753 524288.00
10412.031  0.999998  17135753 578524.69
10412.031  0.999998  17135753 645277.56
10412.031  0.999999  17135753 762600.75
10420.223  0.999999  17135762 883011.38
10420.223  0.999999  17135762 1048576.00
10420.223  0.999999  17135762 1198372.62
10420.223  0.999999  17135762 1290555.12
10428.415  0.999999  17135768 1525201.50
10428.415  0.999999  17135768 1677721.62
10428.415  1.000000  17135768 2097152.00
10428.415  1.000000  17135768 2396745.25
10436.607  1.000000  17135774 2796202.75
10436.607  1.000000  17135774 2796202.75
10436.607  1.000000  17135774 3355443.25
10436.607  1.000000  17135774 4194304.00
10436.607  1.000000  17135774 4194304.00
10436.607  1.000000  17135774 5592405.50
10436.607  1.000000  17135774 5592405.50
10436.607  1.000000  17135774 8388608.00
10436.607  1.000000  17135774 8388608.00
10436.607  1.000000  17135774 8388608.00
10436.607  1.000000  17135774 8388608.00
10436.607  1.000000  17135774 16777216.00
10436.607  1.000000  17135774 16777216.00
10436.607  1.000000  17135774 16777216.00
10444.799  1.000000  17135775 16777216.00
10444.799  1.000000  17135775       inf

#[Mean    =  3447.180, StdDeviation   =  2364.785]
#[Max     = 10436.608, Total count    =  17135775]
#[Buckets =        27, SubBuckets     =      2048]
----------------------------------------------------------
  18416001 requests in 2.00m, 14.63GB read
Requests/sec: 153464.78
Transfer/sec:    124.84MB
-------------------------------------------
