wrk2 -t4 -c256 -R110000 -d120 -L http://localhost:8082/static
Running 2m test @ http://localhost:8082/static
  4 threads and 256 connections
  Thread Calibration: Mean latency: 115.282ms, Rate Sampling Interval: 729ms
  Thread Calibration: Mean latency: 77.687ms, Rate Sampling Interval: 503ms
  Thread Calibration: Mean latency: 68.069ms, Rate Sampling Interval: 442ms
  Thread Calibration: Mean latency: 38.164ms, Rate Sampling Interval: 261ms
  Thread Stats   Avg      Stdev     Max   +/- Stdev
    Latency    23.33ms   68.45ms 851.46ms   92.87%
    Req/Sec    27.58k     1.22k   41.44k    87.91%

  Latency Distribution (HdrHistogram - Recorded Latency HDR)

  Percentile  Value

   50.000%    3.42ms
   75.000%    7.89ms
   90.000%   43.13ms
   99.000%  372.99ms
   99.900%  587.26ms
   99.990%  738.30ms
   99.999%  805.89ms
  100.000%  851.97ms

  Detailed Percentile Spectrum:

    Value Percentile  TotCount 1/(1-Percentile)

    0.031  0.000000         1      1.00
    0.857  0.100000   1209074      1.11
    1.314  0.200000   2418314      1.25
    1.829  0.300000   3626276      1.43
    2.495  0.400000   4835906      1.67
    3.417  0.500000   6044020      2.00
    3.997  0.550000   6648278      2.22
    4.667  0.600000   7253542      2.50
    5.455  0.650000   7857546      2.86
    6.455  0.700000   8462724      3.33
    7.887  0.750000   9065795      4.00
    8.975  0.775000   9369170      4.44
   10.567  0.800000   9669828      5.00
   13.063  0.825000   9972363      5.71
   17.199  0.850000  10274472      6.67
   25.183  0.875000  10576325      8.00
   32.287  0.887500  10727646      8.89
   43.135  0.900000  10878611     10.00
   59.327  0.912500  11029599     11.43
   83.327  0.925000  11180894     13.33
  115.199  0.937500  11331952     16.00
  133.503  0.943750  11407385     17.78
  153.087  0.950000  11483149     20.00
  173.823  0.956250  11558483     22.86
  197.503  0.962500  11634125     26.67
  225.535  0.968750  11709526     32.00
  241.023  0.971875  11747420     35.56
  257.919  0.975000  11785028     40.00
  275.199  0.978125  11823076     45.71
  295.423  0.981250  11860584     53.33
  320.255  0.984375  11898632     64.00
  334.335  0.985937  11917388     71.11
  348.927  0.987500  11936300     80.00
  363.263  0.989062  11954970     91.43
  380.159  0.990625  11974009    106.67
  399.359  0.992188  11992829    128.00
  410.367  0.992969  12002271    142.22
  422.911  0.993750  12011718    160.00
  437.247  0.994531  12021198    182.86
  452.607  0.995313  12030614    213.33
  468.991  0.996094  12040033    256.00
  478.207  0.996484  12044756    284.45
  487.935  0.996875  12049426    320.00
  498.687  0.997266  12054110    365.72
  511.743  0.997656  12058879    426.66
  527.871  0.998047  12063554    512.00
  538.111  0.998242  12065925    568.89
  548.863  0.998438  12068356    640.01
  561.663  0.998633  12070691    731.42
  574.975  0.998828  12073019    853.32
  589.311  0.999023  12075366   1024.00
  598.527  0.999121  12076557   1137.75
  608.255  0.999219  12077765   1280.02
  617.983  0.999316  12078917   1462.83
  628.735  0.999414  12080107   1706.74
  641.535  0.999512  12081256   2048.00
  647.679  0.999561  12081847   2275.49
  654.847  0.999609  12082454   2559.84
  663.039  0.999658  12083045   2925.92
  674.303  0.999707  12083643   3413.47
  688.639  0.999756  12084211   4096.00
  696.319  0.999780  12084511   4551.60
  705.023  0.999805  12084795   5119.69
  713.727  0.999829  12085102   5851.84
  721.919  0.999853  12085385   6825.56
  731.647  0.999878  12085691   8192.00
  735.743  0.999890  12085848   9103.21
  738.815  0.999902  12085978  10242.50
  742.399  0.999915  12086132  11699.59
  745.471  0.999927  12086277  13651.11
  750.079  0.999939  12086423  16384.00
  752.639  0.999945  12086496  18196.55
  756.223  0.999951  12086570  20485.00
  759.807  0.999957  12086644  23399.19
  762.879  0.999963  12086718  27324.46
  765.951  0.999969  12086791  32768.00
  767.487  0.999973  12086829  36393.09
  769.535  0.999976  12086864  40920.04
  772.095  0.999979  12086898  46863.73
  776.703  0.999982  12086934  54648.91
  790.527  0.999985  12086971  65536.00
  795.135  0.999986  12086991  72944.41
  799.743  0.999988  12087008  81840.08
  803.839  0.999989  12087028  93727.46
  809.471  0.999991  12087046 108942.96
  815.103  0.999992  12087064 131072.00
  819.711  0.999993  12087073 145888.83
  823.807  0.999994  12087083 164482.52
  826.879  0.999995  12087093 186413.52
  828.415  0.999995  12087100 217885.92
  830.463  0.999996  12087111 262144.00
  830.975  0.999997  12087116 289262.34
  832.511  0.999997  12087120 328965.03
  833.535  0.999997  12087123 372827.03
  840.191  0.999998  12087131 441505.69
  840.703  0.999998  12087133 524288.00
  842.239  0.999998  12087136 578524.69
  843.775  0.999998  12087138 645277.56
  844.287  0.999999  12087139 762600.75
  844.799  0.999999  12087142 883011.38
  846.335  0.999999  12087144 1048576.00
  846.847  0.999999  12087145 1198372.62
  847.359  0.999999  12087146 1290555.12
  847.871  0.999999  12087147 1525201.50
  848.895  0.999999  12087149 1677721.62
  849.919  1.000000  12087151 2097152.00
  849.919  1.000000  12087151 2396745.25
  849.919  1.000000  12087151 2796202.75
  849.919  1.000000  12087151 2796202.75
  850.431  1.000000  12087154 3355443.25
  850.431  1.000000  12087154 4194304.00
  850.431  1.000000  12087154 4194304.00
  850.431  1.000000  12087154 5592405.50
  850.431  1.000000  12087154 5592405.50
  850.431  1.000000  12087154 8388608.00
  850.431  1.000000  12087154 8388608.00
  850.431  1.000000  12087154 8388608.00
  850.431  1.000000  12087154 8388608.00
  850.431  1.000000  12087154 16777216.00
  851.967  1.000000  12087155 16777216.00
  851.967  1.000000  12087155       inf

#[Mean    =    23.326, StdDeviation   =    68.455]
#[Max     =   851.456, Total count    =  12087155]
#[Buckets =        27, SubBuckets     =      2048]
----------------------------------------------------------
  13159069 requests in 2.00m, 2.25GB read
Requests/sec: 109658.38
Transfer/sec:     19.24MB
-------------------------------------------
wrk2 -t4 -c256 -R112000 -d120 -L http://localhost:8082/static
Running 2m test @ http://localhost:8082/static
  4 threads and 256 connections
  Thread Calibration: Mean latency: 58.544ms, Rate Sampling Interval: 280ms
  Thread Calibration: Mean latency: 36.874ms, Rate Sampling Interval: 177ms
  Thread Calibration: Mean latency: 86.133ms, Rate Sampling Interval: 476ms
  Thread Calibration: Mean latency: 60.367ms, Rate Sampling Interval: 267ms
  Thread Stats   Avg      Stdev     Max   +/- Stdev
    Latency   205.14ms  302.55ms   1.80s    82.99%
    Req/Sec    28.09k     3.30k   43.85k    76.83%

  Latency Distribution (HdrHistogram - Recorded Latency HDR)

  Percentile  Value

   50.000%   32.33ms
   75.000%  314.62ms
   90.000%  706.05ms
   99.000%    1.16s 
   99.900%    1.45s 
   99.990%    1.72s 
   99.999%    1.77s 
  100.000%    1.80s 

  Detailed Percentile Spectrum:

    Value Percentile  TotCount 1/(1-Percentile)

    0.031  0.000000         2      1.00
    1.356  0.100000   1230923      1.11
    2.665  0.200000   2460504      1.25
    5.091  0.300000   3690193      1.43
   10.879  0.400000   4919634      1.67
   32.335  0.500000   6149345      2.00
   56.639  0.550000   6764104      2.22
   96.895  0.600000   7379231      2.50
  153.727  0.650000   7994619      2.86
  224.127  0.700000   8609727      3.33
  314.623  0.750000   9225087      4.00
  367.359  0.775000   9531490      4.44
  427.775  0.800000   9838998      5.00
  494.591  0.825000  10146897      5.71
  563.199  0.850000  10453896      6.67
  634.879  0.875000  10762467      8.00
  670.207  0.887500  10915172      8.89
  706.047  0.900000  11068513     10.00
  743.935  0.912500  11223349     11.43
  784.383  0.925000  11377247     13.33
  830.975  0.937500  11530614     16.00
  855.551  0.943750  11607141     17.78
  881.663  0.950000  11684429     20.00
  909.311  0.956250  11760997     22.86
  940.543  0.962500  11837347     26.67
  976.383  0.968750  11914730     32.00
  995.839  0.971875  11952657     35.56
 1016.319  0.975000  11990926     40.00
 1038.847  0.978125  12030020     45.71
 1063.935  0.981250  12068394     53.33
 1093.631  0.984375  12107219     64.00
 1108.991  0.985937  12125547     71.11
 1127.423  0.987500  12145342     80.00
 1146.879  0.989062  12163960     91.43
 1169.407  0.990625  12183550    106.67
 1196.031  0.992188  12202505    128.00
 1211.391  0.992969  12211901    142.22
 1227.775  0.993750  12221690    160.00
 1245.183  0.994531  12231167    182.86
 1265.663  0.995313  12240718    213.33
 1287.167  0.996094  12250665    256.00
 1297.407  0.996484  12255343    284.45
 1308.671  0.996875  12260032    320.00
 1323.007  0.997266  12264729    365.72
 1339.391  0.997656  12269547    426.66
 1360.895  0.998047  12274373    512.00
 1374.207  0.998242  12276658    568.89
 1387.519  0.998438  12279075    640.01
 1403.903  0.998633  12281536    731.42
 1424.383  0.998828  12283931    853.32
 1452.031  0.999023  12286282   1024.00
 1467.391  0.999121  12287476   1137.75
 1483.775  0.999219  12288650   1280.02
 1505.279  0.999316  12289858   1462.83
 1526.783  0.999414  12291070   1706.74
 1552.383  0.999512  12292287   2048.00
 1562.623  0.999561  12292885   2275.49
 1572.863  0.999609  12293452   2559.84
 1582.079  0.999658  12294086   2925.92
 1594.367  0.999707  12294670   3413.47
 1613.823  0.999756  12295266   4096.00
 1630.207  0.999780  12295556   4551.60
 1656.831  0.999805  12295863   5119.69
 1675.263  0.999829  12296182   5851.84
 1685.503  0.999853  12296455   6825.56
 1704.959  0.999878  12296768   8192.00
 1711.103  0.999890  12296917   9103.21
 1718.271  0.999902  12297075  10242.50
 1726.463  0.999915  12297214  11699.59
 1733.631  0.999927  12297377  13651.11
 1740.799  0.999939  12297512  16384.00
 1746.943  0.999945  12297595  18196.55
 1752.063  0.999951  12297665  20485.00
 1756.159  0.999957  12297738  23399.19
 1759.231  0.999963  12297812  27324.46
 1762.303  0.999969  12297888  32768.00
 1764.351  0.999973  12297934  36393.09
 1765.375  0.999976  12297961  40920.04
 1767.423  0.999979  12298009  46863.73
 1768.447  0.999982  12298034  54648.91
 1771.519  0.999985  12298087  65536.00
 1771.519  0.999986  12298087  72944.41
 1772.543  0.999988  12298105  81840.08
 1774.591  0.999989  12298140  93727.46
 1775.615  0.999991  12298148 108942.96
 1777.663  0.999992  12298168 131072.00
 1778.687  0.999993  12298178 145888.83
 1779.711  0.999994  12298188 164482.52
 1780.735  0.999995  12298194 186413.52
 1782.783  0.999995  12298205 217885.92
 1784.831  0.999996  12298216 262144.00
 1784.831  0.999997  12298216 289262.34
 1785.855  0.999997  12298220 328965.03
 1786.879  0.999997  12298227 372827.03
 1786.879  0.999998  12298227 441505.69
 1788.927  0.999998  12298235 524288.00
 1788.927  0.999998  12298235 578524.69
 1789.951  0.999998  12298240 645277.56
 1789.951  0.999999  12298240 762600.75
 1790.975  0.999999  12298249 883011.38
 1790.975  0.999999  12298249 1048576.00
 1790.975  0.999999  12298249 1198372.62
 1790.975  0.999999  12298249 1290555.12
 1790.975  0.999999  12298249 1525201.50
 1790.975  0.999999  12298249 1677721.62
 1791.999  1.000000  12298251 2097152.00
 1791.999  1.000000  12298251 2396745.25
 1791.999  1.000000  12298251 2796202.75
 1791.999  1.000000  12298251 2796202.75
 1793.023  1.000000  12298253 3355443.25
 1793.023  1.000000  12298253 4194304.00
 1793.023  1.000000  12298253 4194304.00
 1793.023  1.000000  12298253 5592405.50
 1793.023  1.000000  12298253 5592405.50
 1794.047  1.000000  12298254 8388608.00
 1794.047  1.000000  12298254 8388608.00
 1794.047  1.000000  12298254 8388608.00
 1794.047  1.000000  12298254 8388608.00
 1794.047  1.000000  12298254 16777216.00
 1796.095  1.000000  12298255 16777216.00
 1796.095  1.000000  12298255       inf

#[Mean    =   205.141, StdDeviation   =   302.547]
#[Max     =  1795.072, Total count    =  12298255]
#[Buckets =        27, SubBuckets     =      2048]
----------------------------------------------------------
  13398590 requests in 2.00m, 2.30GB read
Requests/sec: 111654.32
Transfer/sec:     19.59MB
-------------------------------------------
wrk2 -t4 -c256 -R114000 -d120 -L http://localhost:8082/static
Running 2m test @ http://localhost:8082/static
  4 threads and 256 connections
  Thread Calibration: Mean latency: 8.979ms, Rate Sampling Interval: 42ms
  Thread Calibration: Mean latency: 6.975ms, Rate Sampling Interval: 33ms
  Thread Calibration: Mean latency: 5.117ms, Rate Sampling Interval: 22ms
  Thread Calibration: Mean latency: 7.249ms, Rate Sampling Interval: 37ms
  Thread Stats   Avg      Stdev     Max   +/- Stdev
    Latency    32.62ms   81.21ms 985.09ms   90.43%
    Req/Sec    29.01k     4.65k   62.14k    79.05%

  Latency Distribution (HdrHistogram - Recorded Latency HDR)

  Percentile  Value

   50.000%    3.92ms
   75.000%   11.77ms
   90.000%  106.62ms
   99.000%  405.50ms
   99.900%  634.37ms
   99.990%  832.00ms
   99.999%  957.95ms
  100.000%  985.60ms

  Detailed Percentile Spectrum:

    Value Percentile  TotCount 1/(1-Percentile)

    0.029  0.000000         2      1.00
    0.902  0.100000   1251252      1.11
    1.399  0.200000   2501594      1.25
    1.983  0.300000   3752664      1.43
    2.775  0.400000   5002536      1.67
    3.917  0.500000   6252589      2.00
    4.635  0.550000   6879421      2.22
    5.495  0.600000   7502811      2.50
    6.623  0.650000   8128701      2.86
    8.359  0.700000   8752663      3.33
   11.775  0.750000   9378400      4.00
   14.783  0.775000   9690602      4.44
   19.551  0.800000  10002738      5.00
   27.743  0.825000  10315328      5.71
   42.655  0.850000  10627960      6.67
   69.055  0.875000  10941022      8.00
   86.847  0.887500  11097100      8.89
  106.623  0.900000  11253259     10.00
  128.703  0.912500  11409575     11.43
  153.215  0.925000  11566031     13.33
  180.863  0.937500  11722380     16.00
  196.223  0.943750  11800126     17.78
  212.607  0.950000  11878200     20.00
  230.783  0.956250  11956721     22.86
  251.135  0.962500  12034736     26.67
  274.175  0.968750  12112929     32.00
  286.975  0.971875  12151908     35.56
  301.567  0.975000  12191169     40.00
  318.719  0.978125  12230061     45.71
  337.919  0.981250  12268888     53.33
  358.143  0.984375  12308263     64.00
  368.895  0.985937  12327621     71.11
  381.183  0.987500  12347142     80.00
  395.775  0.989062  12366675     91.43
  412.671  0.990625  12386250    106.67
  432.639  0.992188  12405753    128.00
  443.135  0.992969  12415438    142.22
  454.143  0.993750  12425271    160.00
  465.919  0.994531  12435050    182.86
  480.255  0.995313  12444741    213.33
  498.943  0.996094  12454476    256.00
  509.439  0.996484  12459355    284.45
  521.215  0.996875  12464229    320.00
  535.039  0.997266  12469198    365.72
  551.935  0.997656  12474080    426.66
  569.855  0.998047  12478977    512.00
  579.071  0.998242  12481318    568.89
  590.847  0.998438  12483823    640.01
  604.159  0.998633  12486242    731.42
  619.007  0.998828  12488700    853.32
  636.415  0.999023  12491100   1024.00
  646.143  0.999121  12492310   1137.75
  656.383  0.999219  12493554   1280.02
  667.647  0.999316  12494780   1462.83
  679.423  0.999414  12496000   1706.74
  693.247  0.999512  12497197   2048.00
  701.439  0.999561  12497802   2275.49
  711.679  0.999609  12498415   2559.84
  721.919  0.999658  12499008   2925.92
  736.767  0.999707  12499617   3413.47
  760.831  0.999756  12500241   4096.00
  770.559  0.999780  12500534   4551.60
  781.311  0.999805  12500842   5119.69
  793.599  0.999829  12501151   5851.84
  805.375  0.999853  12501447   6825.56
  817.663  0.999878  12501754   8192.00
  823.807  0.999890  12501907   9103.21
  834.047  0.999902  12502062  10242.50
  842.239  0.999915  12502213  11699.59
  857.087  0.999927  12502362  13651.11
  881.663  0.999939  12502513  16384.00
  893.951  0.999945  12502592  18196.55
  903.167  0.999951  12502666  20485.00
  910.847  0.999957  12502750  23399.19
  917.503  0.999963  12502823  27324.46
  926.207  0.999969  12502898  32768.00
  929.791  0.999973  12502933  36393.09
  933.887  0.999976  12502971  40920.04
  937.983  0.999979  12503010  46863.73
  942.079  0.999982  12503053  54648.91
  947.199  0.999985  12503086  65536.00
  951.295  0.999986  12503105  72944.41
  954.367  0.999988  12503127  81840.08
  956.415  0.999989  12503143  93727.46
  958.975  0.999991  12503165 108942.96
  962.047  0.999992  12503182 131072.00
  964.095  0.999993  12503192 145888.83
  965.631  0.999994  12503202 164482.52
  966.655  0.999995  12503210 186413.52
  968.191  0.999995  12503222 217885.92
  969.727  0.999996  12503232 262144.00
  970.239  0.999997  12503239 289262.34
  970.239  0.999997  12503239 328965.03
  970.751  0.999997  12503243 372827.03
  972.799  0.999998  12503250 441505.69
  973.823  0.999998  12503253 524288.00
  974.847  0.999998  12503260 578524.69
  974.847  0.999998  12503260 645277.56
  974.847  0.999999  12503260 762600.75
  975.359  0.999999  12503263 883011.38
  976.383  0.999999  12503267 1048576.00
  976.383  0.999999  12503267 1198372.62
  976.383  0.999999  12503267 1290555.12
  976.895  0.999999  12503269 1525201.50
  976.895  0.999999  12503269 1677721.62
  978.431  1.000000  12503271 2097152.00
  978.431  1.000000  12503271 2396745.25
  979.967  1.000000  12503272 2796202.75
  979.967  1.000000  12503272 2796202.75
  982.015  1.000000  12503273 3355443.25
  983.551  1.000000  12503274 4194304.00
  983.551  1.000000  12503274 4194304.00
  983.551  1.000000  12503274 5592405.50
  983.551  1.000000  12503274 5592405.50
  984.575  1.000000  12503275 8388608.00
  984.575  1.000000  12503275 8388608.00
  984.575  1.000000  12503275 8388608.00
  984.575  1.000000  12503275 8388608.00
  984.575  1.000000  12503275 16777216.00
  985.599  1.000000  12503276 16777216.00
  985.599  1.000000  12503276       inf

#[Mean    =    32.623, StdDeviation   =    81.210]
#[Max     =   985.088, Total count    =  12503276]
#[Buckets =        27, SubBuckets     =      2048]
----------------------------------------------------------
  13637581 requests in 2.00m, 2.34GB read
Requests/sec: 113646.78
Transfer/sec:     19.94MB
-------------------------------------------
wrk2 -t4 -c256 -R116000 -d120 -L http://localhost:8082/static
Running 2m test @ http://localhost:8082/static
  4 threads and 256 connections
  Thread Calibration: Mean latency: 8.222ms, Rate Sampling Interval: 38ms
  Thread Calibration: Mean latency: 12.169ms, Rate Sampling Interval: 61ms
  Thread Calibration: Mean latency: 15.255ms, Rate Sampling Interval: 88ms
  Thread Calibration: Mean latency: 7.220ms, Rate Sampling Interval: 38ms
  Thread Stats   Avg      Stdev     Max   +/- Stdev
    Latency   364.98ms  445.86ms   2.25s    80.89%
    Req/Sec    29.32k     6.49k   60.76k    72.76%

  Latency Distribution (HdrHistogram - Recorded Latency HDR)

  Percentile  Value

   50.000%  116.54ms
   75.000%  662.53ms
   90.000%    1.08s 
   99.000%    1.59s 
   99.900%    1.87s 
   99.990%    2.08s 
   99.999%    2.21s 
  100.000%    2.25s 

  Detailed Percentile Spectrum:

    Value Percentile  TotCount 1/(1-Percentile)

    0.029  0.000000         1      1.00
    1.976  0.100000   1270718      1.11
    4.923  0.200000   2541238      1.25
   11.951  0.300000   3810895      1.43
   35.935  0.400000   5081010      1.67
  116.543  0.500000   6351694      2.00
  208.255  0.550000   6986905      2.22
  315.135  0.600000   7621728      2.50
  429.567  0.650000   8257231      2.86
  549.887  0.700000   8892223      3.33
  662.527  0.750000   9528515      4.00
  720.383  0.775000   9844355      4.44
  785.919  0.800000  10162861      5.00
  857.599  0.825000  10479978      5.71
  932.863  0.850000  10798129      6.67
 1005.055  0.875000  11115685      8.00
 1041.919  0.887500  11274575      8.89
 1080.319  0.900000  11434961     10.00
 1121.279  0.912500  11593661     11.43
 1166.335  0.925000  11752354     13.33
 1211.391  0.937500  11909224     16.00
 1236.991  0.943750  11990350     17.78
 1264.639  0.950000  12068377     20.00
 1295.359  0.956250  12147831     22.86
 1329.151  0.962500  12228050     26.67
 1369.087  0.968750  12307271     32.00
 1390.591  0.971875  12345849     35.56
 1417.215  0.975000  12385957     40.00
 1444.863  0.978125  12425795     45.71
 1473.535  0.981250  12464797     53.33
 1509.375  0.984375  12504741     64.00
 1528.831  0.985937  12524096     71.11
 1550.335  0.987500  12544142     80.00
 1571.839  0.989062  12563675     91.43
 1596.415  0.990625  12583710    106.67
 1623.039  0.992188  12603334    128.00
 1638.399  0.992969  12613397    142.22
 1655.807  0.993750  12623001    160.00
 1673.215  0.994531  12633314    182.86
 1694.719  0.995313  12643027    213.33
 1721.343  0.996094  12652941    256.00
 1735.679  0.996484  12657816    284.45
 1750.015  0.996875  12662709    320.00
 1765.375  0.997266  12667848    365.72
 1779.711  0.997656  12672737    426.66
 1795.071  0.998047  12677562    512.00
 1804.287  0.998242  12680211    568.89
 1814.527  0.998438  12682483    640.01
 1829.887  0.998633  12685095    731.42
 1846.271  0.998828  12687441    853.32
 1868.799  0.999023  12689923   1024.00
 1881.087  0.999121  12691262   1137.75
 1894.399  0.999219  12692452   1280.02
 1907.711  0.999316  12693682   1462.83
 1924.095  0.999414  12694888   1706.74
 1945.599  0.999512  12696156   2048.00
 1959.935  0.999561  12696747   2275.49
 1981.439  0.999609  12697375   2559.84
 1999.871  0.999658  12698005   2925.92
 2015.231  0.999707  12698611   3413.47
 2028.543  0.999756  12699248   4096.00
 2033.663  0.999780  12699545   4551.60
 2039.807  0.999805  12699864   5119.69
 2047.999  0.999829  12700157   5851.84
 2056.191  0.999853  12700487   6825.56
 2065.407  0.999878  12700781   8192.00
 2071.551  0.999890  12700942   9103.21
 2077.695  0.999902  12701104  10242.50
 2085.887  0.999915  12701254  11699.59
 2095.103  0.999927  12701402  13651.11
 2119.679  0.999939  12701556  16384.00
 2134.015  0.999945  12701637  18196.55
 2144.255  0.999951  12701708  20485.00
 2156.543  0.999957  12701796  23399.19
 2172.927  0.999963  12701871  27324.46
 2191.359  0.999969  12701943  32768.00
 2197.503  0.999973  12701990  36393.09
 2201.599  0.999976  12702043  40920.04
 2203.647  0.999979  12702067  46863.73
 2205.695  0.999982  12702102  54648.91
 2207.743  0.999985  12702137  65536.00
 2209.791  0.999986  12702170  72944.41
 2211.839  0.999988  12702200  81840.08
 2211.839  0.999989  12702200  93727.46
 2213.887  0.999991  12702218 108942.96
 2215.935  0.999992  12702234 131072.00
 2217.983  0.999993  12702242 145888.83
 2220.031  0.999994  12702252 164482.52
 2222.079  0.999995  12702260 186413.52
 2226.175  0.999995  12702274 217885.92
 2228.223  0.999996  12702287 262144.00
 2228.223  0.999997  12702287 289262.34
 2230.271  0.999997  12702300 328965.03
 2230.271  0.999997  12702300 372827.03
 2230.271  0.999998  12702300 441505.69
 2232.319  0.999998  12702306 524288.00
 2232.319  0.999998  12702306 578524.69
 2234.367  0.999998  12702311 645277.56
 2234.367  0.999999  12702311 762600.75
 2236.415  0.999999  12702314 883011.38
 2236.415  0.999999  12702314 1048576.00
 2238.463  0.999999  12702316 1198372.62
 2240.511  0.999999  12702319 1290555.12
 2240.511  0.999999  12702319 1525201.50
 2240.511  0.999999  12702319 1677721.62
 2242.559  1.000000  12702320 2097152.00
 2244.607  1.000000  12702321 2396745.25
 2246.655  1.000000  12702324 2796202.75
 2246.655  1.000000  12702324 2796202.75
 2246.655  1.000000  12702324 3355443.25
 2246.655  1.000000  12702324 4194304.00
 2246.655  1.000000  12702324 4194304.00
 2246.655  1.000000  12702324 5592405.50
 2246.655  1.000000  12702324 5592405.50
 2248.703  1.000000  12702326 8388608.00
 2248.703  1.000000  12702326       inf

#[Mean    =   364.982, StdDeviation   =   445.858]
#[Max     =  2246.656, Total count    =  12702326]
#[Buckets =        27, SubBuckets     =      2048]
----------------------------------------------------------
  13856158 requests in 2.00m, 2.37GB read
Requests/sec: 115468.92
Transfer/sec:     20.26MB
-------------------------------------------
wrk2 -t4 -c256 -R118000 -d120 -L http://localhost:8082/static
Running 2m test @ http://localhost:8082/static
  4 threads and 256 connections
  Thread Calibration: Mean latency: 22.496ms, Rate Sampling Interval: 156ms
  Thread Calibration: Mean latency: 31.524ms, Rate Sampling Interval: 228ms
  Thread Calibration: Mean latency: 51.926ms, Rate Sampling Interval: 349ms
  Thread Calibration: Mean latency: 54.581ms, Rate Sampling Interval: 371ms
  Thread Stats   Avg      Stdev     Max   +/- Stdev
    Latency   125.38ms  191.53ms   1.33s    85.82%
    Req/Sec    29.58k     3.33k   43.90k    74.40%

  Latency Distribution (HdrHistogram - Recorded Latency HDR)

  Percentile  Value

   50.000%   33.44ms
   75.000%  160.00ms
   90.000%  405.76ms
   99.000%  825.85ms
   99.900%    1.09s 
   99.990%    1.24s 
   99.999%    1.30s 
  100.000%    1.33s 

  Detailed Percentile Spectrum:

    Value Percentile  TotCount 1/(1-Percentile)

    0.030  0.000000         1      1.00
    1.832  0.100000   1294914      1.11
    4.087  0.200000   2589823      1.25
    7.747  0.300000   3884833      1.43
   15.959  0.400000   5178813      1.67
   33.439  0.500000   6473788      2.00
   47.231  0.550000   7121688      2.22
   65.343  0.600000   7768423      2.50
   88.639  0.650000   8416706      2.86
  118.975  0.700000   9062539      3.33
  159.999  0.750000   9711277      4.00
  187.135  0.775000  10033836      4.44
  219.519  0.800000  10357837      5.00
  256.895  0.825000  10681189      5.71
  301.567  0.850000  11005795      6.67
  350.463  0.875000  11328505      8.00
  377.599  0.887500  11490536      8.89
  405.759  0.900000  11651738     10.00
  437.759  0.912500  11814394     11.43
  474.111  0.925000  11976240     13.33
  518.143  0.937500  12137731     16.00
  543.743  0.943750  12218096     17.78
  570.879  0.950000  12299910     20.00
  598.527  0.956250  12380001     22.86
  627.711  0.962500  12461866     26.67
  659.455  0.968750  12542181     32.00
  677.375  0.971875  12582237     35.56
  696.319  0.975000  12622698     40.00
  716.799  0.978125  12663448     45.71
  738.815  0.981250  12703887     53.33
  764.927  0.984375  12744150     64.00
  779.775  0.985937  12764660     71.11
  795.135  0.987500  12784753     80.00
  813.567  0.989062  12804816     91.43
  834.559  0.990625  12825412    106.67
  856.063  0.992188  12845260    128.00
  869.375  0.992969  12855553    142.22
  883.711  0.993750  12865726    160.00
  897.535  0.994531  12875737    182.86
  914.431  0.995313  12885769    213.33
  936.447  0.996094  12895892    256.00
  948.223  0.996484  12900944    284.45
  962.559  0.996875  12905901    320.00
  978.431  0.997266  12910906    365.72
  998.911  0.997656  12915965    426.66
 1026.559  0.998047  12921043    512.00
 1041.407  0.998242  12923599    568.89
 1053.695  0.998438  12926073    640.01
 1065.983  0.998633  12928787    731.42
 1077.247  0.998828  12931281    853.32
 1090.559  0.999023  12933829   1024.00
 1096.703  0.999121  12935001   1137.75
 1103.871  0.999219  12936222   1280.02
 1113.087  0.999316  12937503   1462.83
 1124.351  0.999414  12938775   1706.74
 1136.639  0.999512  12940028   2048.00
 1143.807  0.999561  12940648   2275.49
 1151.999  0.999609  12941273   2559.84
 1161.215  0.999658  12941913   2925.92
 1173.503  0.999707  12942511   3413.47
 1195.007  0.999756  12943150   4096.00
 1205.247  0.999780  12943483   4551.60
 1211.391  0.999805  12943786   5119.69
 1218.559  0.999829  12944092   5851.84
 1226.751  0.999853  12944456   6825.56
 1233.919  0.999878  12944770   8192.00
 1236.991  0.999890  12944911   9103.21
 1240.063  0.999902  12945050  10242.50
 1245.183  0.999915  12945205  11699.59
 1252.351  0.999927  12945357  13651.11
 1264.639  0.999939  12945521  16384.00
 1267.711  0.999945  12945599  18196.55
 1271.807  0.999951  12945694  20485.00
 1273.855  0.999957  12945757  23399.19
 1276.927  0.999963  12945827  27324.46
 1282.047  0.999969  12945917  32768.00
 1284.095  0.999973  12945953  36393.09
 1286.143  0.999976  12945989  40920.04
 1288.191  0.999979  12946025  46863.73
 1291.263  0.999982  12946070  54648.91
 1293.311  0.999985  12946106  65536.00
 1295.359  0.999986  12946138  72944.41
 1296.383  0.999988  12946149  81840.08
 1298.431  0.999989  12946169  93727.46
 1300.479  0.999991  12946192 108942.96
 1302.527  0.999992  12946211 131072.00
 1303.551  0.999993  12946219 145888.83
 1304.575  0.999994  12946226 164482.52
 1305.599  0.999995  12946235 186413.52
 1307.647  0.999995  12946247 217885.92
 1308.671  0.999996  12946255 262144.00
 1310.719  0.999997  12946259 289262.34
 1312.767  0.999997  12946262 328965.03
 1314.815  0.999997  12946268 372827.03
 1316.863  0.999998  12946274 441505.69
 1318.911  0.999998  12946278 524288.00
 1319.935  0.999998  12946281 578524.69
 1320.959  0.999998  12946283 645277.56
 1321.983  0.999999  12946287 762600.75
 1321.983  0.999999  12946287 883011.38
 1323.007  0.999999  12946290 1048576.00
 1323.007  0.999999  12946290 1198372.62
 1324.031  0.999999  12946294 1290555.12
 1324.031  0.999999  12946294 1525201.50
 1324.031  0.999999  12946294 1677721.62
 1325.055  1.000000  12946296 2097152.00
 1325.055  1.000000  12946296 2396745.25
 1326.079  1.000000  12946300 2796202.75
 1326.079  1.000000  12946300 2796202.75
 1326.079  1.000000  12946300 3355443.25
 1326.079  1.000000  12946300 4194304.00
 1326.079  1.000000  12946300 4194304.00
 1326.079  1.000000  12946300 5592405.50
 1326.079  1.000000  12946300 5592405.50
 1326.079  1.000000  12946300 8388608.00
 1326.079  1.000000  12946300 8388608.00
 1326.079  1.000000  12946300 8388608.00
 1326.079  1.000000  12946300 8388608.00
 1326.079  1.000000  12946300 16777216.00
 1328.127  1.000000  12946301 16777216.00
 1328.127  1.000000  12946301       inf

#[Mean    =   125.378, StdDeviation   =   191.532]
#[Max     =  1327.104, Total count    =  12946301]
#[Buckets =        27, SubBuckets     =      2048]
----------------------------------------------------------
  14109310 requests in 2.00m, 2.42GB read
Requests/sec: 117576.19
Transfer/sec:     20.63MB
-------------------------------------------
wrk2 -t4 -c256 -R120000 -d120 -L http://localhost:8082/static
Running 2m test @ http://localhost:8082/static
  4 threads and 256 connections
  Thread Calibration: Mean latency: 51.586ms, Rate Sampling Interval: 271ms
  Thread Calibration: Mean latency: 46.766ms, Rate Sampling Interval: 246ms
  Thread Calibration: Mean latency: 63.479ms, Rate Sampling Interval: 348ms
  Thread Calibration: Mean latency: 98.804ms, Rate Sampling Interval: 458ms
  Thread Stats   Avg      Stdev     Max   +/- Stdev
    Latency     1.20s   917.31ms   4.10s    57.09%
    Req/Sec    29.78k     4.84k   47.57k    73.40%

  Latency Distribution (HdrHistogram - Recorded Latency HDR)

  Percentile  Value

   50.000%    1.16s 
   75.000%    1.91s 
   90.000%    2.49s 
   99.000%    3.28s 
   99.900%    3.83s 
   99.990%    4.02s 
   99.999%    4.08s 
  100.000%    4.10s 

  Detailed Percentile Spectrum:

    Value Percentile  TotCount 1/(1-Percentile)

    0.042  0.000000         1      1.00
   80.703  0.100000   1302413      1.11
  216.959  0.200000   2605228      1.25
  419.583  0.300000   3908029      1.43
  761.855  0.400000   5210387      1.67
 1159.167  0.500000   6513757      2.00
 1325.055  0.550000   7165980      2.22
 1471.487  0.600000   7816031      2.50
 1613.823  0.650000   8466677      2.86
 1759.231  0.700000   9116786      3.33
 1908.735  0.750000   9769577      4.00
 1989.631  0.775000  10095983      4.44
 2078.719  0.800000  10421861      5.00
 2183.167  0.825000  10748072      5.71
 2283.519  0.850000  11073211      6.67
 2383.871  0.875000  11398995      8.00
 2435.071  0.887500  11563280      8.89
 2486.271  0.900000  11722977     10.00
 2545.663  0.912500  11884470     11.43
 2611.199  0.925000  12051050     13.33
 2676.735  0.937500  12211972     16.00
 2713.599  0.943750  12290984     17.78
 2756.607  0.950000  12375668     20.00
 2803.711  0.956250  12455942     22.86
 2856.959  0.962500  12536174     26.67
 2916.351  0.968750  12617828     32.00
 2945.023  0.971875  12657197     35.56
 2979.839  0.975000  12697841     40.00
 3022.847  0.978125  12739508     45.71
 3067.903  0.981250  12779979     53.33
 3123.199  0.984375  12820315     64.00
 3158.015  0.985937  12840483     71.11
 3201.023  0.987500  12861400     80.00
 3246.079  0.989062  12881368     91.43
 3301.375  0.990625  12901365    106.67
 3358.719  0.992188  12922335    128.00
 3387.391  0.992969  12932065    142.22
 3420.159  0.993750  12942072    160.00
 3457.023  0.994531  12952506    182.86
 3495.935  0.995313  12962715    213.33
 3543.039  0.996094  12972885    256.00
 3567.615  0.996484  12977673    284.45
 3606.527  0.996875  12982752    320.00
 3653.631  0.997266  12987869    365.72
 3690.495  0.997656  12992878    426.66
 3729.407  0.998047  12998048    512.00
 3751.935  0.998242  13000703    568.89
 3774.463  0.998438  13003258    640.01
 3796.991  0.998633  13005780    731.42
 3817.471  0.998828  13008213    853.32
 3833.855  0.999023  13010831   1024.00
 3842.047  0.999121  13012010   1137.75
 3854.335  0.999219  13013382   1280.02
 3868.671  0.999316  13014484   1462.83
 3887.103  0.999414  13015843   1706.74
 3907.583  0.999512  13017105   2048.00
 3917.823  0.999561  13017735   2275.49
 3928.063  0.999609  13018368   2559.84
 3940.351  0.999658  13019027   2925.92
 3950.591  0.999707  13019562   3413.47
 3962.879  0.999756  13020207   4096.00
 3969.023  0.999780  13020571   4551.60
 3975.167  0.999805  13020882   5119.69
 3981.311  0.999829  13021161   5851.84
 3991.551  0.999853  13021517   6825.56
 4001.791  0.999878  13021815   8192.00
 4009.983  0.999890  13021949   9103.21
 4022.271  0.999902  13022113  10242.50
 4032.511  0.999915  13022260  11699.59
 4046.847  0.999927  13022424  13651.11
 4057.087  0.999939  13022586  16384.00
 4063.231  0.999945  13022687  18196.55
 4067.327  0.999951  13022797  20485.00
 4069.375  0.999957  13022872  23399.19
 4071.423  0.999963  13022943  27324.46
 4073.471  0.999969  13023018  32768.00
 4073.471  0.999973  13023018  36393.09
 4075.519  0.999976  13023084  40920.04
 4077.567  0.999979  13023147  46863.73
 4077.567  0.999982  13023147  54648.91
 4079.615  0.999985  13023201  65536.00
 4079.615  0.999986  13023201  72944.41
 4081.663  0.999988  13023249  81840.08
 4081.663  0.999989  13023249  93727.46
 4083.711  0.999991  13023280 108942.96
 4083.711  0.999992  13023280 131072.00
 4085.759  0.999993  13023302 145888.83
 4085.759  0.999994  13023302 164482.52
 4085.759  0.999995  13023302 186413.52
 4087.807  0.999995  13023315 217885.92
 4089.855  0.999996  13023327 262144.00
 4089.855  0.999997  13023327 289262.34
 4091.903  0.999997  13023345 328965.03
 4091.903  0.999997  13023345 372827.03
 4091.903  0.999998  13023345 441505.69
 4093.951  0.999998  13023359 524288.00
 4093.951  0.999998  13023359 578524.69
 4093.951  0.999998  13023359 645277.56
 4093.951  0.999999  13023359 762600.75
 4093.951  0.999999  13023359 883011.38
 4093.951  0.999999  13023359 1048576.00
 4095.999  0.999999  13023366 1198372.62
 4095.999  0.999999  13023366 1290555.12
 4095.999  0.999999  13023366 1525201.50
 4095.999  0.999999  13023366 1677721.62
 4095.999  1.000000  13023366 2097152.00
 4095.999  1.000000  13023366 2396745.25
 4098.047  1.000000  13023371 2796202.75
 4098.047  1.000000  13023371       inf

#[Mean    =  1199.686, StdDeviation   =   917.313]
#[Max     =  4096.000, Total count    =  13023371]
#[Buckets =        27, SubBuckets     =      2048]
----------------------------------------------------------
  14178937 requests in 2.00m, 2.43GB read
Requests/sec: 118157.20
Transfer/sec:     20.73MB
-------------------------------------------
wrk2 -t4 -c256 -R122000 -d120 -L http://localhost:8082/static
Running 2m test @ http://localhost:8082/static
  4 threads and 256 connections
  Thread Calibration: Mean latency: 65.459ms, Rate Sampling Interval: 425ms
  Thread Calibration: Mean latency: 55.924ms, Rate Sampling Interval: 366ms
  Thread Calibration: Mean latency: 122.097ms, Rate Sampling Interval: 740ms
  Thread Calibration: Mean latency: 47.363ms, Rate Sampling Interval: 319ms
  Thread Stats   Avg      Stdev     Max   +/- Stdev
    Latency    75.15ms  155.13ms   1.20s    89.39%
    Req/Sec    30.55k     2.33k   41.52k    77.75%

  Latency Distribution (HdrHistogram - Recorded Latency HDR)

  Percentile  Value

   50.000%   10.64ms
   75.000%   55.42ms
   90.000%  252.16ms
   99.000%  734.21ms
   99.900%  962.56ms
   99.990%    1.10s 
   99.999%    1.16s 
  100.000%    1.20s 

  Detailed Percentile Spectrum:

    Value Percentile  TotCount 1/(1-Percentile)

    0.027  0.000000         1      1.00
    1.252  0.100000   1338801      1.11
    2.303  0.200000   2678672      1.25
    3.907  0.300000   4015837      1.43
    6.227  0.400000   5355379      1.67
   10.639  0.500000   6693344      2.00
   14.519  0.550000   7362722      2.22
   20.079  0.600000   8032831      2.50
   27.967  0.650000   8701994      2.86
   39.135  0.700000   9371252      3.33
   55.423  0.750000  10039911      4.00
   66.687  0.775000  10374806      4.44
   81.087  0.800000  10709652      5.00
  100.607  0.825000  11043542      5.71
  129.919  0.850000  11378508      6.67
  176.383  0.875000  11712991      8.00
  210.175  0.887500  11880472      8.89
  252.159  0.900000  12047633     10.00
  301.055  0.912500  12214885     11.43
  351.999  0.925000  12382600     13.33
  402.943  0.937500  12549492     16.00
  429.823  0.943750  12633677     17.78
  459.263  0.950000  12716987     20.00
  490.751  0.956250  12800667     22.86
  524.799  0.962500  12884545     26.67
  562.687  0.968750  12968378     32.00
  582.143  0.971875  13009995     35.56
  602.111  0.975000  13052002     40.00
  624.639  0.978125  13093567     45.71
  649.727  0.981250  13135742     53.33
  675.839  0.984375  13177317     64.00
  690.175  0.985937  13197960     71.11
  706.047  0.987500  13218852     80.00
  723.455  0.989062  13240062     91.43
  741.887  0.990625  13260478    106.67
  762.367  0.992188  13281868    128.00
  773.119  0.992969  13291984    142.22
  786.431  0.993750  13302490    160.00
  800.255  0.994531  13313065    182.86
  815.615  0.995313  13323299    213.33
  834.559  0.996094  13333803    256.00
  846.335  0.996484  13338986    284.45
  859.135  0.996875  13344280    320.00
  873.983  0.997266  13349451    365.72
  889.343  0.997656  13354652    426.66
  907.775  0.998047  13359909    512.00
  917.503  0.998242  13362470    568.89
  927.743  0.998438  13365045    640.01
  939.007  0.998633  13367750    731.42
  950.271  0.998828  13370293    853.32
  964.607  0.999023  13372897   1024.00
  977.919  0.999121  13374203   1137.75
  990.719  0.999219  13375520   1280.02
 1003.519  0.999316  13376837   1462.83
 1014.783  0.999414  13378168   1706.74
 1026.047  0.999512  13379486   2048.00
 1031.679  0.999561  13380105   2275.49
 1038.335  0.999609  13380740   2559.84
 1047.551  0.999658  13381405   2925.92
 1057.791  0.999707  13382117   3413.47
 1065.983  0.999756  13382729   4096.00
 1070.079  0.999780  13383080   4551.60
 1074.175  0.999805  13383395   5119.69
 1078.271  0.999829  13383683   5851.84
 1084.415  0.999853  13384026   6825.56
 1090.559  0.999878  13384330   8192.00
 1095.679  0.999890  13384504   9103.21
 1100.799  0.999902  13384656  10242.50
 1105.919  0.999915  13384836  11699.59
 1111.039  0.999927  13385019  13651.11
 1115.135  0.999939  13385162  16384.00
 1117.183  0.999945  13385235  18196.55
 1119.231  0.999951  13385309  20485.00
 1121.279  0.999957  13385392  23399.19
 1124.351  0.999963  13385492  27324.46
 1126.399  0.999969  13385560  32768.00
 1128.447  0.999973  13385606  36393.09
 1130.495  0.999976  13385660  40920.04
 1131.519  0.999979  13385679  46863.73
 1134.591  0.999982  13385717  54648.91
 1143.807  0.999985  13385757  65536.00
 1149.951  0.999986  13385781  72944.41
 1155.071  0.999988  13385801  81840.08
 1159.167  0.999989  13385818  93727.46
 1163.263  0.999991  13385839 108942.96
 1167.359  0.999992  13385861 131072.00
 1171.455  0.999993  13385869 145888.83
 1174.527  0.999994  13385883 164482.52
 1176.575  0.999995  13385889 186413.52
 1179.647  0.999995  13385900 217885.92
 1183.743  0.999996  13385910 262144.00
 1184.767  0.999997  13385917 289262.34
 1185.791  0.999997  13385921 328965.03
 1186.815  0.999997  13385926 372827.03
 1188.863  0.999998  13385930 441505.69
 1191.935  0.999998  13385936 524288.00
 1192.959  0.999998  13385940 578524.69
 1192.959  0.999998  13385940 645277.56
 1195.007  0.999999  13385946 762600.75
 1195.007  0.999999  13385946 883011.38
 1196.031  0.999999  13385950 1048576.00
 1196.031  0.999999  13385950 1198372.62
 1196.031  0.999999  13385950 1290555.12
 1197.055  0.999999  13385955 1525201.50
 1197.055  0.999999  13385955 1677721.62
 1197.055  1.000000  13385955 2097152.00
 1197.055  1.000000  13385955 2396745.25
 1197.055  1.000000  13385955 2796202.75
 1198.079  1.000000  13385958 2796202.75
 1198.079  1.000000  13385958 3355443.25
 1198.079  1.000000  13385958 4194304.00
 1198.079  1.000000  13385958 4194304.00
 1198.079  1.000000  13385958 5592405.50
 1198.079  1.000000  13385958 5592405.50
 1199.103  1.000000  13385960 8388608.00
 1199.103  1.000000  13385960       inf

#[Mean    =    75.149, StdDeviation   =   155.129]
#[Max     =  1198.080, Total count    =  13385960]
#[Buckets =        27, SubBuckets     =      2048]
----------------------------------------------------------
  14584976 requests in 2.00m, 2.50GB read
Requests/sec: 121541.28
Transfer/sec:     21.33MB
-------------------------------------------
wrk2 -t4 -c256 -R124000 -d120 -L http://localhost:8082/static
Running 2m test @ http://localhost:8082/static
  4 threads and 256 connections
  Thread Calibration: Mean latency: 88.239ms, Rate Sampling Interval: 502ms
  Thread Calibration: Mean latency: 74.037ms, Rate Sampling Interval: 386ms
  Thread Calibration: Mean latency: 84.617ms, Rate Sampling Interval: 509ms
  Thread Calibration: Mean latency: 81.157ms, Rate Sampling Interval: 446ms
  Thread Stats   Avg      Stdev     Max   +/- Stdev
    Latency   622.37ms  546.70ms   3.47s    66.58%
    Req/Sec    30.79k     3.65k   43.25k    75.34%

  Latency Distribution (HdrHistogram - Recorded Latency HDR)

  Percentile  Value

   50.000%  558.59ms
   75.000%  899.58ms
   90.000%    1.35s 
   99.000%    2.39s 
   99.900%    3.09s 
   99.990%    3.37s 
   99.999%    3.44s 
  100.000%    3.47s 

  Detailed Percentile Spectrum:

    Value Percentile  TotCount 1/(1-Percentile)

    0.036  0.000000         1      1.00
   14.015  0.100000   1349726      1.11
   84.415  0.200000   2699786      1.25
  227.199  0.300000   4048860      1.43
  406.527  0.400000   5399735      1.67
  558.591  0.500000   6752052      2.00
  623.615  0.550000   7426799      2.22
  683.519  0.600000   8097684      2.50
  748.543  0.650000   8776323      2.86
  818.687  0.700000   9447885      3.33
  899.583  0.750000  10124949      4.00
  947.199  0.775000  10460770      4.44
 1003.007  0.800000  10798788      5.00
 1068.031  0.825000  11135633      5.71
 1144.831  0.850000  11474995      6.67
 1236.991  0.875000  11811953      8.00
 1287.167  0.887500  11978216      8.89
 1347.583  0.900000  12147421     10.00
 1418.239  0.912500  12316980     11.43
 1490.943  0.925000  12485511     13.33
 1571.839  0.937500  12654433     16.00
 1616.895  0.943750  12737206     17.78
 1671.167  0.950000  12822035     20.00
 1734.655  0.956250  12906096     22.86
 1800.191  0.962500  12991287     26.67
 1880.063  0.968750  13074361     32.00
 1936.383  0.971875  13116658     35.56
 1999.871  0.975000  13158726     40.00
 2053.119  0.978125  13201641     45.71
 2115.583  0.981250  13243634     53.33
 2197.503  0.984375  13286140     64.00
 2234.367  0.985937  13306784     71.11
 2281.471  0.987500  13327538     80.00
 2344.959  0.989062  13348805     91.43
 2422.783  0.990625  13370101    106.67
 2488.319  0.992188  13390884    128.00
 2521.087  0.992969  13401471    142.22
 2564.095  0.993750  13411914    160.00
 2617.343  0.994531  13422313    182.86
 2670.591  0.995313  13433194    213.33
 2732.031  0.996094  13443668    256.00
 2758.655  0.996484  13449003    284.45
 2785.279  0.996875  13454158    320.00
 2832.383  0.997266  13459293    365.72
 2877.439  0.997656  13464455    426.66
 2918.399  0.998047  13469879    512.00
 2942.975  0.998242  13472460    568.89
 2971.647  0.998438  13474990    640.01
 3010.559  0.998633  13477689    731.42
 3051.519  0.998828  13480274    853.32
 3094.527  0.999023  13482953   1024.00
 3125.247  0.999121  13484297   1137.75
 3153.919  0.999219  13485607   1280.02
 3178.495  0.999316  13486896   1462.83
 3205.119  0.999414  13488194   1706.74
 3237.887  0.999512  13489489   2048.00
 3256.319  0.999561  13490156   2275.49
 3274.751  0.999609  13490815   2559.84
 3297.279  0.999658  13491509   2925.92
 3313.663  0.999707  13492154   3413.47
 3325.951  0.999756  13492799   4096.00
 3332.095  0.999780  13493239   4551.60
 3336.191  0.999805  13493509   5119.69
 3342.335  0.999829  13493834   5851.84
 3350.527  0.999853  13494159   6825.56
 3358.719  0.999878  13494429   8192.00
 3362.815  0.999890  13494597   9103.21
 3368.959  0.999902  13494800  10242.50
 3373.055  0.999915  13494929  11699.59
 3381.247  0.999927  13495096  13651.11
 3393.535  0.999939  13495249  16384.00
 3403.775  0.999945  13495346  18196.55
 3409.919  0.999951  13495447  20485.00
 3411.967  0.999957  13495501  23399.19
 3416.063  0.999963  13495613  27324.46
 3418.111  0.999969  13495672  32768.00
 3420.159  0.999973  13495719  36393.09
 3422.207  0.999976  13495769  40920.04
 3424.255  0.999979  13495826  46863.73
 3424.255  0.999982  13495826  54648.91
 3428.351  0.999985  13495878  65536.00
 3430.399  0.999986  13495894  72944.41
 3434.495  0.999988  13495917  81840.08
 3436.543  0.999989  13495929  93727.46
 3440.639  0.999991  13495956 108942.96
 3442.687  0.999992  13495968 131072.00
 3444.735  0.999993  13495983 145888.83
 3446.783  0.999994  13495993 164482.52
 3448.831  0.999995  13496002 186413.52
 3450.879  0.999995  13496010 217885.92
 3452.927  0.999996  13496020 262144.00
 3454.975  0.999997  13496028 289262.34
 3454.975  0.999997  13496028 328965.03
 3457.023  0.999997  13496038 372827.03
 3459.071  0.999998  13496046 441505.69
 3459.071  0.999998  13496046 524288.00
 3459.071  0.999998  13496046 578524.69
 3461.119  0.999998  13496055 645277.56
 3461.119  0.999999  13496055 762600.75
 3461.119  0.999999  13496055 883011.38
 3463.167  0.999999  13496061 1048576.00
 3463.167  0.999999  13496061 1198372.62
 3463.167  0.999999  13496061 1290555.12
 3463.167  0.999999  13496061 1525201.50
 3465.215  0.999999  13496068 1677721.62
 3465.215  1.000000  13496068 2097152.00
 3465.215  1.000000  13496068 2396745.25
 3465.215  1.000000  13496068 2796202.75
 3465.215  1.000000  13496068 2796202.75
 3465.215  1.000000  13496068 3355443.25
 3465.215  1.000000  13496068 4194304.00
 3465.215  1.000000  13496068 4194304.00
 3465.215  1.000000  13496068 5592405.50
 3465.215  1.000000  13496068 5592405.50
 3465.215  1.000000  13496068 8388608.00
 3465.215  1.000000  13496068 8388608.00
 3465.215  1.000000  13496068 8388608.00
 3465.215  1.000000  13496068 8388608.00
 3465.215  1.000000  13496068 16777216.00
 3467.263  1.000000  13496069 16777216.00
 3467.263  1.000000  13496069       inf

#[Mean    =   622.372, StdDeviation   =   546.701]
#[Max     =  3465.216, Total count    =  13496069]
#[Buckets =        27, SubBuckets     =      2048]
----------------------------------------------------------
  14722964 requests in 2.00m, 2.52GB read
Requests/sec: 122689.25
Transfer/sec:     21.53MB
-------------------------------------------
wrk2 -t4 -c256 -R126000 -d120 -L http://localhost:8082/static
Running 2m test @ http://localhost:8082/static
  4 threads and 256 connections
  Thread Calibration: Mean latency: 33.924ms, Rate Sampling Interval: 269ms
  Thread Calibration: Mean latency: 34.387ms, Rate Sampling Interval: 253ms
  Thread Calibration: Mean latency: 43.317ms, Rate Sampling Interval: 309ms
  Thread Calibration: Mean latency: 24.678ms, Rate Sampling Interval: 164ms
  Thread Stats   Avg      Stdev     Max   +/- Stdev
    Latency   952.36ms  673.63ms   3.28s    58.17%
    Req/Sec    31.13k     4.71k   51.15k    70.32%

  Latency Distribution (HdrHistogram - Recorded Latency HDR)

  Percentile  Value

   50.000%  979.46ms
   75.000%    1.45s 
   90.000%    1.83s 
   99.000%    2.49s 
   99.900%    2.89s 
   99.990%    3.19s 
   99.999%    3.25s 
  100.000%    3.28s 

  Detailed Percentile Spectrum:

    Value Percentile  TotCount 1/(1-Percentile)

    0.035  0.000000         1      1.00
   29.743  0.100000   1362828      1.11
  148.095  0.200000   2725929      1.25
  498.431  0.300000   4088494      1.43
  793.087  0.400000   5451856      1.67
  979.455  0.500000   6817383      2.00
 1069.055  0.550000   7501329      2.22
 1162.239  0.600000   8180478      2.50
 1255.423  0.650000   8865212      2.86
 1349.631  0.700000   9540763      3.33
 1449.983  0.750000  10220694      4.00
 1503.231  0.775000  10565790      4.44
 1555.455  0.800000  10904551      5.00
 1611.775  0.825000  11246045      5.71
 1675.263  0.850000  11583940      6.67
 1746.943  0.875000  11927052      8.00
 1785.855  0.887500  12096422      8.89
 1829.887  0.900000  12266653     10.00
 1878.015  0.912500  12436064     11.43
 1934.335  0.925000  12607391     13.33
 1996.799  0.937500  12777326     16.00
 2030.591  0.943750  12862340     17.78
 2067.455  0.950000  12947767     20.00
 2107.391  0.956250  13033471     22.86
 2152.447  0.962500  13118246     26.67
 2205.695  0.968750  13202618     32.00
 2236.415  0.971875  13245925     35.56
 2269.183  0.975000  13288647     40.00
 2303.999  0.978125  13329768     45.71
 2347.007  0.981250  13372766     53.33
 2390.015  0.984375  13415571     64.00
 2414.591  0.985937  13436879     71.11
 2443.263  0.987500  13458116     80.00
 2473.983  0.989062  13478894     91.43
 2506.751  0.990625  13499873    106.67
 2541.567  0.992188  13521677    128.00
 2559.999  0.992969  13531437    142.22
 2584.575  0.993750  13542094    160.00
 2611.199  0.994531  13553286    182.86
 2637.823  0.995313  13563743    213.33
 2672.639  0.996094  13574445    256.00
 2693.119  0.996484  13579759    284.45
 2713.599  0.996875  13584720    320.00
 2736.127  0.997266  13589968    365.72
 2762.751  0.997656  13595541    426.66
 2791.423  0.998047  13600872    512.00
 2807.807  0.998242  13603449    568.89
 2826.239  0.998438  13606017    640.01
 2852.863  0.998633  13608784    731.42
 2875.391  0.998828  13611512    853.32
 2897.919  0.999023  13613999   1024.00
 2914.303  0.999121  13615329   1137.75
 2928.639  0.999219  13616648   1280.02
 2942.975  0.999316  13618071   1462.83
 2957.311  0.999414  13619238   1706.74
 2981.887  0.999512  13620573   2048.00
 3000.319  0.999561  13621300   2275.49
 3016.703  0.999609  13621899   2559.84
 3045.375  0.999658  13622603   2925.92
 3061.759  0.999707  13623291   3413.47
 3076.095  0.999756  13623892   4096.00
 3088.383  0.999780  13624254   4551.60
 3100.671  0.999805  13624575   5119.69
 3115.007  0.999829  13624906   5851.84
 3133.439  0.999853  13625244   6825.56
 3174.399  0.999878  13625566   8192.00
 3184.639  0.999890  13625724   9103.21
 3192.831  0.999902  13625897  10242.50
 3201.023  0.999915  13626065  11699.59
 3207.167  0.999927  13626241  13651.11
 3213.311  0.999939  13626394  16384.00
 3217.407  0.999945  13626492  18196.55
 3221.503  0.999951  13626577  20485.00
 3225.599  0.999957  13626668  23399.19
 3227.647  0.999963  13626718  27324.46
 3231.743  0.999969  13626816  32768.00
 3233.791  0.999973  13626866  36393.09
 3235.839  0.999976  13626918  40920.04
 3237.887  0.999979  13626964  46863.73
 3239.935  0.999982  13626999  54648.91
 3241.983  0.999985  13627032  65536.00
 3241.983  0.999986  13627032  72944.41
 3244.031  0.999988  13627063  81840.08
 3246.079  0.999989  13627088  93727.46
 3248.127  0.999991  13627111 108942.96
 3250.175  0.999992  13627127 131072.00
 3250.175  0.999993  13627127 145888.83
 3252.223  0.999994  13627144 164482.52
 3252.223  0.999995  13627144 186413.52
 3254.271  0.999995  13627157 217885.92
 3256.319  0.999996  13627176 262144.00
 3256.319  0.999997  13627176 289262.34
 3256.319  0.999997  13627176 328965.03
 3258.367  0.999997  13627186 372827.03
 3258.367  0.999998  13627186 441505.69
 3260.415  0.999998  13627194 524288.00
 3260.415  0.999998  13627194 578524.69
 3262.463  0.999998  13627198 645277.56
 3262.463  0.999999  13627198 762600.75
 3264.511  0.999999  13627201 883011.38
 3266.559  0.999999  13627205 1048576.00
 3266.559  0.999999  13627205 1198372.62
 3266.559  0.999999  13627205 1290555.12
 3268.607  0.999999  13627207 1525201.50
 3270.655  0.999999  13627210 1677721.62
 3270.655  1.000000  13627210 2097152.00
 3270.655  1.000000  13627210 2396745.25
 3270.655  1.000000  13627210 2796202.75
 3272.703  1.000000  13627211 2796202.75
 3274.751  1.000000  13627212 3355443.25
 3274.751  1.000000  13627212 4194304.00
 3276.799  1.000000  13627213 4194304.00
 3276.799  1.000000  13627213 5592405.50
 3276.799  1.000000  13627213 5592405.50
 3278.847  1.000000  13627215 8388608.00
 3278.847  1.000000  13627215       inf

#[Mean    =   952.356, StdDeviation   =   673.634]
#[Max     =  3276.800, Total count    =  13627215]
#[Buckets =        27, SubBuckets     =      2048]
----------------------------------------------------------
  14854475 requests in 2.00m, 2.55GB read
Requests/sec: 123787.75
Transfer/sec:     21.72MB
-------------------------------------------
wrk2 -t4 -c256 -R128000 -d120 -L http://localhost:8082/static
Running 2m test @ http://localhost:8082/static
  4 threads and 256 connections
  Thread Calibration: Mean latency: 12.641ms, Rate Sampling Interval: 74ms
  Thread Calibration: Mean latency: 9.881ms, Rate Sampling Interval: 52ms
  Thread Calibration: Mean latency: 10.669ms, Rate Sampling Interval: 60ms
  Thread Calibration: Mean latency: 14.867ms, Rate Sampling Interval: 88ms
  Thread Stats   Avg      Stdev     Max   +/- Stdev
    Latency     1.11s   817.22ms   3.25s    53.31%
    Req/Sec    32.10k     6.99k   66.54k    70.61%

  Latency Distribution (HdrHistogram - Recorded Latency HDR)

  Percentile  Value

   50.000%    1.24s 
   75.000%    1.78s 
   90.000%    2.15s 
   99.000%    2.65s 
   99.900%    2.90s 
   99.990%    3.11s 
   99.999%    3.22s 
  100.000%    3.25s 

  Detailed Percentile Spectrum:

    Value Percentile  TotCount 1/(1-Percentile)

    0.032  0.000000         1      1.00
   11.151  0.100000   1395547      1.11
   67.903  0.200000   2791016      1.25
  420.863  0.300000   4186267      1.43
  918.015  0.400000   5581819      1.67
 1235.967  0.500000   6977550      2.00
 1363.967  0.550000   7674736      2.22
 1473.535  0.600000   8374225      2.50
 1571.839  0.650000   9071261      2.86
 1673.215  0.700000   9770355      3.33
 1781.759  0.750000  10470809      4.00
 1835.007  0.775000  10819373      4.44
 1889.279  0.800000  11167910      5.00
 1948.671  0.825000  11516848      5.71
 2012.159  0.850000  11863110      6.67
 2079.743  0.875000  12214213      8.00
 2115.583  0.887500  12387229      8.89
 2152.447  0.900000  12562103     10.00
 2191.359  0.912500  12735804     11.43
 2236.415  0.925000  12910065     13.33
 2287.615  0.937500  13087321     16.00
 2314.239  0.943750  13174349     17.78
 2342.911  0.950000  13258566     20.00
 2373.631  0.956250  13343763     22.86
 2410.495  0.962500  13435299     26.67
 2447.359  0.968750  13519462     32.00
 2467.839  0.971875  13564476     35.56
 2488.319  0.975000  13605296     40.00
 2512.895  0.978125  13648802     45.71
 2539.519  0.981250  13692536     53.33
 2572.287  0.984375  13737875     64.00
 2590.719  0.985937  13759142     71.11
 2613.247  0.987500  13781238     80.00
 2635.775  0.989062  13803260     91.43
 2658.303  0.990625  13824792    106.67
 2682.879  0.992188  13846174    128.00
 2695.167  0.992969  13856340    142.22
 2711.551  0.993750  13867928    160.00
 2727.935  0.994531  13878209    182.86
 2748.415  0.995313  13889451    213.33
 2772.991  0.996094  13900300    256.00
 2785.279  0.996484  13905903    284.45
 2797.567  0.996875  13911077    320.00
 2811.903  0.997266  13916235    365.72
 2826.239  0.997656  13921351    426.66
 2842.623  0.998047  13926988    512.00
 2852.863  0.998242  13930024    568.89
 2861.055  0.998438  13932266    640.01
 2871.295  0.998633  13934979    731.42
 2885.631  0.998828  13938109    853.32
 2897.919  0.999023  13940472   1024.00
 2906.111  0.999121  13942030   1137.75
 2914.303  0.999219  13943311   1280.02
 2924.543  0.999316  13944508   1462.83
 2940.927  0.999414  13945923   1706.74
 2959.359  0.999512  13947278   2048.00
 2969.599  0.999561  13948007   2275.49
 2983.935  0.999609  13948608   2559.84
 3012.607  0.999658  13949330   2925.92
 3035.135  0.999707  13949984   3413.47
 3057.663  0.999756  13950698   4096.00
 3065.855  0.999780  13951024   4551.60
 3071.999  0.999805  13951322   5119.69
 3078.143  0.999829  13951660   5851.84
 3088.383  0.999853  13952053   6825.56
 3096.575  0.999878  13952339   8192.00
 3106.815  0.999890  13952528   9103.21
 3112.959  0.999902  13952681  10242.50
 3121.151  0.999915  13952916  11699.59
 3125.247  0.999927  13953093  13651.11
 3129.343  0.999939  13953261  16384.00
 3131.391  0.999945  13953341  18196.55
 3133.439  0.999951  13953391  20485.00
 3135.487  0.999957  13953449  23399.19
 3141.631  0.999963  13953539  27324.46
 3147.775  0.999969  13953619  32768.00
 3151.871  0.999973  13953661  36393.09
 3160.063  0.999976  13953703  40920.04
 3170.303  0.999979  13953751  46863.73
 3176.447  0.999982  13953786  54648.91
 3186.687  0.999985  13953832  65536.00
 3207.167  0.999986  13953854  72944.41
 3211.263  0.999988  13953874  81840.08
 3215.359  0.999989  13953896  93727.46
 3219.455  0.999991  13953920 108942.96
 3223.551  0.999992  13953944 131072.00
 3225.599  0.999993  13953953 145888.83
 3227.647  0.999994  13953958 164482.52
 3231.743  0.999995  13953975 186413.52
 3233.791  0.999995  13953990 217885.92
 3233.791  0.999996  13953990 262144.00
 3235.839  0.999997  13953998 289262.34
 3237.887  0.999997  13954009 328965.03
 3237.887  0.999997  13954009 372827.03
 3239.935  0.999998  13954019 441505.69
 3239.935  0.999998  13954019 524288.00
 3239.935  0.999998  13954019 578524.69
 3241.983  0.999998  13954025 645277.56
 3241.983  0.999999  13954025 762600.75
 3244.031  0.999999  13954034 883011.38
 3244.031  0.999999  13954034 1048576.00
 3244.031  0.999999  13954034 1198372.62
 3244.031  0.999999  13954034 1290555.12
 3244.031  0.999999  13954034 1525201.50
 3244.031  0.999999  13954034 1677721.62
 3246.079  1.000000  13954039 2097152.00
 3246.079  1.000000  13954039 2396745.25
 3246.079  1.000000  13954039 2796202.75
 3246.079  1.000000  13954039 2796202.75
 3246.079  1.000000  13954039 3355443.25
 3246.079  1.000000  13954039 4194304.00
 3246.079  1.000000  13954039 4194304.00
 3246.079  1.000000  13954039 5592405.50
 3246.079  1.000000  13954039 5592405.50
 3248.127  1.000000  13954041 8388608.00
 3248.127  1.000000  13954041       inf

#[Mean    =  1110.082, StdDeviation   =   817.223]
#[Max     =  3246.080, Total count    =  13954041]
#[Buckets =        27, SubBuckets     =      2048]
----------------------------------------------------------
  15225837 requests in 2.00m, 2.61GB read
Requests/sec: 126881.75
Transfer/sec:     22.26MB
-------------------------------------------
wrk2 -t4 -c256 -R130000 -d120 -L http://localhost:8082/static
Running 2m test @ http://localhost:8082/static
  4 threads and 256 connections
  Thread Calibration: Mean latency: 137.673ms, Rate Sampling Interval: 619ms
  Thread Calibration: Mean latency: 93.444ms, Rate Sampling Interval: 437ms
  Thread Calibration: Mean latency: 329.446ms, Rate Sampling Interval: 1473ms
  Thread Calibration: Mean latency: 186.152ms, Rate Sampling Interval: 769ms
  Thread Stats   Avg      Stdev     Max   +/- Stdev
    Latency     1.16s   869.78ms   4.08s    60.12%
    Req/Sec    32.10k     3.70k   46.27k    72.47%

  Latency Distribution (HdrHistogram - Recorded Latency HDR)

  Percentile  Value

   50.000%  994.30ms
   75.000%    1.85s 
   90.000%    2.44s 
   99.000%    3.15s 
   99.900%    3.61s 
   99.990%    3.93s 
   99.999%    4.04s 
  100.000%    4.08s 

  Detailed Percentile Spectrum:

    Value Percentile  TotCount 1/(1-Percentile)

    0.047  0.000000         3      1.00
  105.407  0.100000   1409928      1.11
  298.495  0.200000   2820576      1.25
  509.439  0.300000   4228653      1.43
  741.887  0.400000   5637926      1.67
  994.303  0.500000   7049839      2.00
 1134.591  0.550000   7756525      2.22
 1285.119  0.600000   8458514      2.50
 1474.559  0.650000   9164763      2.86
 1657.855  0.700000   9867499      3.33
 1845.247  0.750000  10574130      4.00
 1946.623  0.775000  10925330      4.44
 2041.855  0.800000  11277545      5.00
 2138.111  0.825000  11633393      5.71
 2236.415  0.850000  11983631      6.67
 2338.815  0.875000  12337437      8.00
 2390.015  0.887500  12513799      8.89
 2443.263  0.900000  12688914     10.00
 2498.559  0.912500  12864372     11.43
 2557.951  0.925000  13041122     13.33
 2623.487  0.937500  13214267     16.00
 2660.351  0.943750  13306255     17.78
 2697.215  0.950000  13393253     20.00
 2740.223  0.956250  13480801     22.86
 2787.327  0.962500  13568530     26.67
 2842.623  0.968750  13654728     32.00
 2875.391  0.971875  13700012     35.56
 2912.255  0.975000  13743074     40.00
 2951.167  0.978125  13787220     45.71
 2994.175  0.981250  13831359     53.33
 3045.375  0.984375  13875588     64.00
 3071.999  0.985937  13896828     71.11
 3098.623  0.987500  13919218     80.00
 3127.295  0.989062  13940585     91.43
 3162.111  0.990625  13963062    106.67
 3201.023  0.992188  13985262    128.00
 3223.551  0.992969  13995922    142.22
 3250.175  0.993750  14007074    160.00
 3278.847  0.994531  14018219    182.86
 3309.567  0.995313  14028939    213.33
 3348.479  0.996094  14039680    256.00
 3377.151  0.996484  14045458    284.45
 3405.823  0.996875  14050598    320.00
 3434.495  0.997266  14056104    365.72
 3463.167  0.997656  14061707    426.66
 3497.983  0.998047  14067156    512.00
 3520.511  0.998242  14069995    568.89
 3545.087  0.998438  14072718    640.01
 3565.567  0.998633  14075446    731.42
 3586.047  0.998828  14078136    853.32
 3616.767  0.999023  14080985   1024.00
 3635.199  0.999121  14082432   1137.75
 3647.487  0.999219  14083670   1280.02
 3665.919  0.999316  14085102   1462.83
 3682.303  0.999414  14086580   1706.74
 3696.639  0.999512  14087842   2048.00
 3706.879  0.999561  14088557   2275.49
 3717.119  0.999609  14089194   2559.84
 3729.407  0.999658  14089900   2925.92
 3745.791  0.999707  14090521   3413.47
 3766.271  0.999756  14091239   4096.00
 3786.751  0.999780  14091557   4551.60
 3807.231  0.999805  14091926   5119.69
 3827.711  0.999829  14092266   5851.84
 3846.143  0.999853  14092633   6825.56
 3876.863  0.999878  14092935   8192.00
 3913.727  0.999890  14093106   9103.21
 3932.159  0.999902  14093284  10242.50
 3950.591  0.999915  14093437  11699.59
 3962.879  0.999927  14093618  13651.11
 3975.167  0.999939  14093817  16384.00
 3977.215  0.999945  14093869  18196.55
 3983.359  0.999951  14093990  20485.00
 3987.455  0.999957  14094057  23399.19
 3993.599  0.999963  14094144  27324.46
 4001.791  0.999969  14094216  32768.00
 4007.935  0.999973  14094264  36393.09
 4014.079  0.999976  14094303  40920.04
 4022.271  0.999979  14094344  46863.73
 4030.463  0.999982  14094392  54648.91
 4034.559  0.999985  14094432  65536.00
 4036.607  0.999986  14094465  72944.41
 4038.655  0.999988  14094488  81840.08
 4040.703  0.999989  14094510  93727.46
 4042.751  0.999991  14094521 108942.96
 4044.799  0.999992  14094535 131072.00
 4048.895  0.999993  14094545 145888.83
 4050.943  0.999994  14094556 164482.52
 4052.991  0.999995  14094568 186413.52
 4055.039  0.999995  14094577 217885.92
 4061.183  0.999996  14094588 262144.00
 4065.279  0.999997  14094596 289262.34
 4067.327  0.999997  14094599 328965.03
 4069.375  0.999997  14094604 372827.03
 4071.423  0.999998  14094611 441505.69
 4073.471  0.999998  14094626 524288.00
 4073.471  0.999998  14094626 578524.69
 4073.471  0.999998  14094626 645277.56
 4073.471  0.999999  14094626 762600.75
 4073.471  0.999999  14094626 883011.38
 4075.519  0.999999  14094632 1048576.00
 4075.519  0.999999  14094632 1198372.62
 4075.519  0.999999  14094632 1290555.12
 4075.519  0.999999  14094632 1525201.50
 4077.567  0.999999  14094636 1677721.62
 4077.567  1.000000  14094636 2097152.00
 4077.567  1.000000  14094636 2396745.25
 4077.567  1.000000  14094636 2796202.75
 4079.615  1.000000  14094638 2796202.75
 4079.615  1.000000  14094638 3355443.25
 4079.615  1.000000  14094638 4194304.00
 4079.615  1.000000  14094638 4194304.00
 4081.663  1.000000  14094640 5592405.50
 4081.663  1.000000  14094640 5592405.50
 4081.663  1.000000  14094640 8388608.00
 4081.663  1.000000  14094640 8388608.00
 4081.663  1.000000  14094640 8388608.00
 4081.663  1.000000  14094640 8388608.00
 4081.663  1.000000  14094640 16777216.00
 4081.663  1.000000  14094640 16777216.00
 4083.711  1.000000  14094641 16777216.00
 4083.711  1.000000  14094641       inf

#[Mean    =  1159.200, StdDeviation   =   869.776]
#[Max     =  4081.664, Total count    =  14094641]
#[Buckets =        27, SubBuckets     =      2048]
----------------------------------------------------------
  15333472 requests in 2.00m, 2.63GB read
Requests/sec: 127779.62
Transfer/sec:     22.42MB
-------------------------------------------
