wrk2 -t4 -c256 -R50000 -d120 -L http://localhost:8082/cache?count=1
Running 2m test @ http://localhost:8082/cache?count=1
  4 threads and 256 connections
  Thread Calibration: Mean latency: 11.248ms, Rate Sampling Interval: 50ms
  Thread Calibration: Mean latency: 10.051ms, Rate Sampling Interval: 47ms
  Thread Calibration: Mean latency: 9.921ms, Rate Sampling Interval: 46ms
  Thread Calibration: Mean latency: 10.166ms, Rate Sampling Interval: 49ms
  Thread Stats   Avg      Stdev     Max   +/- Stdev
    Latency   112.75ms  254.94ms   2.34s    86.98%
    Req/Sec    12.63k     1.33k   20.02k    76.09%

  Latency Distribution (HdrHistogram - Recorded Latency HDR)

  Percentile  Value

   50.000%    4.91ms
   75.000%   28.59ms
   90.000%  496.89ms
   99.000%    1.12s 
   99.900%    1.55s 
   99.990%    2.17s 
   99.999%    2.32s 
  100.000%    2.35s 

  Detailed Percentile Spectrum:

    Value Percentile  TotCount 1/(1-Percentile)

    0.087  0.000000         1      1.00
    1.260  0.100000    548552      1.11
    1.867  0.200000   1097136      1.25
    2.537  0.300000   1645887      1.43
    3.405  0.400000   2194079      1.67
    4.907  0.500000   2742909      2.00
    6.331  0.550000   3016551      2.22
    8.303  0.600000   3290771      2.50
   10.759  0.650000   3564657      2.86
   15.607  0.700000   3838958      3.33
   28.591  0.750000   4113207      4.00
   44.319  0.775000   4250288      4.44
   78.271  0.800000   4387354      5.00
  148.479  0.825000   4524394      5.71
  276.735  0.850000   4661646      6.67
  390.655  0.875000   4798768      8.00
  443.391  0.887500   4867127      8.89
  496.895  0.900000   4935745     10.00
  549.887  0.912500   5004212     11.43
  605.695  0.925000   5072954     13.33
  664.575  0.937500   5141727     16.00
  696.831  0.943750   5175995     17.78
  730.111  0.950000   5210011     20.00
  764.415  0.956250   5244348     22.86
  804.863  0.962500   5278712     26.67
  850.431  0.968750   5312674     32.00
  878.079  0.971875   5330034     35.56
  909.311  0.975000   5347031     40.00
  942.591  0.978125   5364224     45.71
  980.991  0.981250   5381204     53.33
 1023.999  0.984375   5398360     64.00
 1048.575  0.985937   5407022     71.11
 1075.199  0.987500   5415726     80.00
 1104.895  0.989062   5424257     91.43
 1138.687  0.990625   5432623    106.67
 1182.719  0.992188   5441195    128.00
 1208.319  0.992969   5445487    142.22
 1234.943  0.993750   5449855    160.00
 1266.687  0.994531   5454125    182.86
 1298.431  0.995313   5458350    213.33
 1333.247  0.996094   5462666    256.00
 1350.655  0.996484   5464782    284.45
 1368.063  0.996875   5466865    320.00
 1389.567  0.997266   5469053    365.72
 1413.119  0.997656   5471167    426.66
 1442.815  0.998047   5473294    512.00
 1461.247  0.998242   5474403    568.89
 1478.655  0.998438   5475451    640.01
 1503.231  0.998633   5476512    731.42
 1523.711  0.998828   5477587    853.32
 1548.287  0.999023   5478656   1024.00
 1564.671  0.999121   5479204   1137.75
 1590.271  0.999219   5479722   1280.02
 1628.159  0.999316   5480266   1462.83
 1672.191  0.999414   5480802   1706.74
 1719.295  0.999512   5481332   2048.00
 1742.847  0.999561   5481592   2275.49
 1777.663  0.999609   5481863   2559.84
 1801.215  0.999658   5482130   2925.92
 1827.839  0.999707   5482403   3413.47
 1853.439  0.999756   5482664   4096.00
 1872.895  0.999780   5482800   4551.60
 1889.279  0.999805   5482938   5119.69
 1921.023  0.999829   5483062   5851.84
 1971.199  0.999853   5483199   6825.56
 2015.231  0.999878   5483332   8192.00
 2079.743  0.999890   5483398   9103.21
 2172.927  0.999902   5483466  10242.50
 2193.407  0.999915   5483544  11699.59
 2205.695  0.999927   5483602  13651.11
 2220.031  0.999939   5483673  16384.00
 2226.175  0.999945   5483707  18196.55
 2238.463  0.999951   5483736  20485.00
 2248.703  0.999957   5483766  23399.19
 2258.943  0.999963   5483800  27324.46
 2269.183  0.999969   5483832  32768.00
 2275.327  0.999973   5483849  36393.09
 2285.567  0.999976   5483868  40920.04
 2301.951  0.999979   5483884  46863.73
 2308.095  0.999982   5483899  54648.91
 2314.239  0.999985   5483923  65536.00
 2316.287  0.999986   5483929  72944.41
 2318.335  0.999988   5483937  81840.08
 2320.383  0.999989   5483947  93727.46
 2322.431  0.999991   5483952 108942.96
 2324.479  0.999992   5483958 131072.00
 2326.527  0.999993   5483962 145888.83
 2328.575  0.999994   5483970 164482.52
 2328.575  0.999995   5483970 186413.52
 2330.623  0.999995   5483974 217885.92
 2332.671  0.999996   5483979 262144.00
 2334.719  0.999997   5483982 289262.34
 2336.767  0.999997   5483985 328965.03
 2336.767  0.999997   5483985 372827.03
 2338.815  0.999998   5483989 441505.69
 2338.815  0.999998   5483989 524288.00
 2340.863  0.999998   5483993 578524.69
 2340.863  0.999998   5483993 645277.56
 2340.863  0.999999   5483993 762600.75
 2340.863  0.999999   5483993 883011.38
 2342.911  0.999999   5483997 1048576.00
 2342.911  0.999999   5483997 1198372.62
 2342.911  0.999999   5483997 1290555.12
 2342.911  0.999999   5483997 1525201.50
 2342.911  0.999999   5483997 1677721.62
 2342.911  1.000000   5483997 2097152.00
 2342.911  1.000000   5483997 2396745.25
 2342.911  1.000000   5483997 2796202.75
 2344.959  1.000000   5483998 2796202.75
 2344.959  1.000000   5483998 3355443.25
 2344.959  1.000000   5483998 4194304.00
 2344.959  1.000000   5483998 4194304.00
 2344.959  1.000000   5483998 5592405.50
 2347.007  1.000000   5483999 5592405.50
 2347.007  1.000000   5483999       inf

#[Mean    =   112.747, StdDeviation   =   254.941]
#[Max     =  2344.960, Total count    =   5483999]
#[Buckets =        27, SubBuckets     =      2048]
----------------------------------------------------------
  5970977 requests in 2.00m, 1.12GB read
Requests/sec:  49758.26
Transfer/sec:      9.53MB
-------------------------------------------
wrk2 -t4 -c256 -R51000 -d120 -L http://localhost:8082/cache?count=1
Running 2m test @ http://localhost:8082/cache?count=1
  4 threads and 256 connections
  Thread Calibration: Mean latency: 85.509ms, Rate Sampling Interval: 493ms
  Thread Calibration: Mean latency: 89.800ms, Rate Sampling Interval: 529ms
  Thread Calibration: Mean latency: 87.396ms, Rate Sampling Interval: 529ms
  Thread Calibration: Mean latency: 77.323ms, Rate Sampling Interval: 449ms
  Thread Stats   Avg      Stdev     Max   +/- Stdev
    Latency    67.36ms  166.08ms   1.33s    90.18%
    Req/Sec    12.80k   510.39    14.85k    81.48%

  Latency Distribution (HdrHistogram - Recorded Latency HDR)

  Percentile  Value

   50.000%    5.13ms
   75.000%   24.64ms
   90.000%  226.18ms
   99.000%  810.49ms
   99.900%    1.09s 
   99.990%    1.22s 
   99.999%    1.28s 
  100.000%    1.33s 

  Detailed Percentile Spectrum:

    Value Percentile  TotCount 1/(1-Percentile)

    0.084  0.000000         1      1.00
    1.167  0.100000    561263      1.11
    1.667  0.200000   1122114      1.25
    2.289  0.300000   1683284      1.43
    3.269  0.400000   2244305      1.67
    5.131  0.500000   2805543      2.00
    6.639  0.550000   3085505      2.22
    8.583  0.600000   3366497      2.50
   11.343  0.650000   3646882      2.86
   15.903  0.700000   3926852      3.33
   24.639  0.750000   4207283      4.00
   32.031  0.775000   4347495      4.44
   43.135  0.800000   4487742      5.00
   60.895  0.825000   4628186      5.71
   90.623  0.850000   4768360      6.67
  141.951  0.875000   4908560      8.00
  179.455  0.887500   4978677      8.89
  226.175  0.900000   5048788     10.00
  281.087  0.912500   5119086     11.43
  340.991  0.925000   5189215     13.33
  405.759  0.937500   5259122     16.00
  440.319  0.943750   5294291     17.78
  476.927  0.950000   5329320     20.00
  516.095  0.956250   5364408     22.86
  556.031  0.962500   5399303     26.67
  599.039  0.968750   5434425     32.00
  621.567  0.971875   5452167     35.56
  645.119  0.975000   5469633     40.00
  671.743  0.978125   5487100     45.71
  702.463  0.981250   5504610     53.33
  736.255  0.984375   5522248     64.00
  754.687  0.985937   5530940     71.11
  774.143  0.987500   5539629     80.00
  796.159  0.989062   5548424     91.43
  820.735  0.990625   5557155    106.67
  848.383  0.992188   5565911    128.00
  863.231  0.992969   5570313    142.22
  879.103  0.993750   5574684    160.00
  894.975  0.994531   5579072    182.86
  914.943  0.995313   5583385    213.33
  938.495  0.996094   5587775    256.00
  953.855  0.996484   5589997    284.45
  969.727  0.996875   5592190    320.00
  985.599  0.997266   5594329    365.72
 1003.519  0.997656   5596548    426.66
 1022.975  0.998047   5598756    512.00
 1032.191  0.998242   5599814    568.89
 1043.455  0.998438   5600906    640.01
 1057.791  0.998633   5602020    731.42
 1075.199  0.998828   5603137    853.32
 1092.607  0.999023   5604198   1024.00
 1103.871  0.999121   5604776   1137.75
 1113.087  0.999219   5605326   1280.02
 1123.327  0.999316   5605861   1462.83
 1136.639  0.999414   5606414   1706.74
 1149.951  0.999512   5606941   2048.00
 1157.119  0.999561   5607230   2275.49
 1163.263  0.999609   5607489   2559.84
 1170.431  0.999658   5607785   2925.92
 1176.575  0.999707   5608060   3413.47
 1182.719  0.999756   5608304   4096.00
 1186.815  0.999780   5608429   4551.60
 1191.935  0.999805   5608574   5119.69
 1197.055  0.999829   5608709   5851.84
 1203.199  0.999853   5608841   6825.56
 1209.343  0.999878   5608987   8192.00
 1212.415  0.999890   5609057   9103.21
 1215.487  0.999902   5609115  10242.50
 1219.583  0.999915   5609187  11699.59
 1223.679  0.999927   5609258  13651.11
 1228.799  0.999939   5609320  16384.00
 1232.895  0.999945   5609359  18196.55
 1235.967  0.999951   5609389  20485.00
 1241.087  0.999957   5609422  23399.19
 1247.231  0.999963   5609459  27324.46
 1253.375  0.999969   5609491  32768.00
 1257.471  0.999973   5609507  36393.09
 1261.567  0.999976   5609528  40920.04
 1264.639  0.999979   5609542  46863.73
 1268.735  0.999982   5609562  54648.91
 1272.831  0.999985   5609578  65536.00
 1275.903  0.999986   5609586  72944.41
 1279.999  0.999988   5609596  81840.08
 1283.071  0.999989   5609603  93727.46
 1288.191  0.999991   5609611 108942.96
 1295.359  0.999992   5609619 131072.00
 1297.407  0.999993   5609623 145888.83
 1301.503  0.999994   5609629 164482.52
 1306.623  0.999995   5609634 186413.52
 1309.695  0.999995   5609636 217885.92
 1312.767  0.999996   5609640 262144.00
 1315.839  0.999997   5609642 289262.34
 1317.887  0.999997   5609645 328965.03
 1319.935  0.999997   5609648 372827.03
 1321.983  0.999998   5609651 441505.69
 1321.983  0.999998   5609651 524288.00
 1323.007  0.999998   5609652 578524.69
 1325.055  0.999998   5609654 645277.56
 1325.055  0.999999   5609654 762600.75
 1326.079  0.999999   5609656 883011.38
 1326.079  0.999999   5609656 1048576.00
 1327.103  0.999999   5609657 1198372.62
 1327.103  0.999999   5609657 1290555.12
 1329.151  0.999999   5609659 1525201.50
 1329.151  0.999999   5609659 1677721.62
 1329.151  1.000000   5609659 2097152.00
 1329.151  1.000000   5609659 2396745.25
 1329.151  1.000000   5609659 2796202.75
 1331.199  1.000000   5609660 2796202.75
 1331.199  1.000000   5609660 3355443.25
 1331.199  1.000000   5609660 4194304.00
 1331.199  1.000000   5609660 4194304.00
 1331.199  1.000000   5609660 5592405.50
 1332.223  1.000000   5609661 5592405.50
 1332.223  1.000000   5609661       inf

#[Mean    =    67.362, StdDeviation   =   166.076]
#[Max     =  1331.200, Total count    =   5609661]
#[Buckets =        27, SubBuckets     =      2048]
----------------------------------------------------------
  6100883 requests in 2.00m, 1.14GB read
Requests/sec:  50841.04
Transfer/sec:      9.74MB
-------------------------------------------
wrk2 -t4 -c256 -R52000 -d120 -L http://localhost:8082/cache?count=1
Running 2m test @ http://localhost:8082/cache?count=1
  4 threads and 256 connections
  Thread Calibration: Mean latency: 7.270ms, Rate Sampling Interval: 37ms
  Thread Calibration: Mean latency: 10.768ms, Rate Sampling Interval: 67ms
  Thread Calibration: Mean latency: 7.907ms, Rate Sampling Interval: 42ms
  Thread Calibration: Mean latency: 10.780ms, Rate Sampling Interval: 65ms
  Thread Stats   Avg      Stdev     Max   +/- Stdev
    Latency   788.50ms  893.93ms   3.88s    79.62%
    Req/Sec    13.15k     1.89k   23.70k    74.86%

  Latency Distribution (HdrHistogram - Recorded Latency HDR)

  Percentile  Value

   50.000%  266.24ms
   75.000%    1.53s 
   90.000%    2.13s 
   99.000%    2.96s 
   99.900%    3.38s 
   99.990%    3.72s 
   99.999%    3.83s 
  100.000%    3.88s 

  Detailed Percentile Spectrum:

    Value Percentile  TotCount 1/(1-Percentile)

    0.092  0.000000         2      1.00
    1.923  0.100000    570333      1.11
    3.995  0.200000   1140956      1.25
   10.367  0.300000   1711250      1.43
   39.647  0.400000   2281551      1.67
  266.239  0.500000   2851644      2.00
  637.439  0.550000   3136899      2.22
  961.023  0.600000   3422172      2.50
 1187.839  0.650000   3707683      2.86
 1363.967  0.700000   3992638      3.33
 1527.807  0.750000   4278988      4.00
 1611.775  0.775000   4421432      4.44
 1696.767  0.800000   4564054      5.00
 1787.903  0.825000   4706539      5.71
 1892.351  0.850000   4847868      6.67
 2007.039  0.875000   4991419      8.00
 2064.383  0.887500   5062772      8.89
 2125.823  0.900000   5134380     10.00
 2191.359  0.912500   5204210     11.43
 2265.087  0.925000   5277057     13.33
 2344.959  0.937500   5347579     16.00
 2390.015  0.943750   5383438     17.78
 2437.119  0.950000   5418327     20.00
 2490.367  0.956250   5454380     22.86
 2545.663  0.962500   5489532     26.67
 2607.103  0.968750   5525301     32.00
 2643.967  0.971875   5543487     35.56
 2684.927  0.975000   5560876     40.00
 2727.935  0.978125   5578577     45.71
 2775.039  0.981250   5596371     53.33
 2826.239  0.984375   5614135     64.00
 2859.007  0.985937   5623320     71.11
 2893.823  0.987500   5632046     80.00
 2932.735  0.989062   5641269     91.43
 2971.647  0.990625   5649898    106.67
 3020.799  0.992188   5658781    128.00
 3049.471  0.992969   5663408    142.22
 3076.095  0.993750   5667720    160.00
 3106.815  0.994531   5672074    182.86
 3141.631  0.995313   5676733    213.33
 3178.495  0.996094   5680980    256.00
 3201.023  0.996484   5683303    284.45
 3221.503  0.996875   5685462    320.00
 3244.031  0.997266   5687708    365.72
 3266.559  0.997656   5689901    426.66
 3293.183  0.998047   5692208    512.00
 3307.519  0.998242   5693289    568.89
 3321.855  0.998438   5694355    640.01
 3338.239  0.998633   5695435    731.42
 3360.767  0.998828   5696588    853.32
 3385.343  0.999023   5697726   1024.00
 3403.775  0.999121   5698236   1137.75
 3424.255  0.999219   5698818   1280.02
 3448.831  0.999316   5699364   1462.83
 3479.551  0.999414   5699896   1706.74
 3508.223  0.999512   5700451   2048.00
 3522.559  0.999561   5700751   2275.49
 3538.943  0.999609   5701020   2559.84
 3569.663  0.999658   5701289   2925.92
 3610.623  0.999707   5701572   3413.47
 3651.583  0.999756   5701851   4096.00
 3663.871  0.999780   5701988   4551.60
 3676.159  0.999805   5702121   5119.69
 3688.447  0.999829   5702266   5851.84
 3700.735  0.999853   5702414   6825.56
 3713.023  0.999878   5702551   8192.00
 3719.167  0.999890   5702625   9103.21
 3725.311  0.999902   5702688  10242.50
 3735.551  0.999915   5702757  11699.59
 3743.743  0.999927   5702821  13651.11
 3753.983  0.999939   5702895  16384.00
 3758.079  0.999945   5702933  18196.55
 3762.175  0.999951   5702961  20485.00
 3768.319  0.999957   5702986  23399.19
 3782.655  0.999963   5703028  27324.46
 3792.895  0.999969   5703055  32768.00
 3799.039  0.999973   5703079  36393.09
 3803.135  0.999976   5703100  40920.04
 3805.183  0.999979   5703110  46863.73
 3809.279  0.999982   5703128  54648.91
 3813.375  0.999985   5703143  65536.00
 3817.471  0.999986   5703152  72944.41
 3821.567  0.999988   5703162  81840.08
 3829.759  0.999989   5703170  93727.46
 3835.903  0.999991   5703177 108942.96
 3846.143  0.999992   5703187 131072.00
 3850.239  0.999993   5703192 145888.83
 3852.287  0.999994   5703195 164482.52
 3854.335  0.999995   5703200 186413.52
 3856.383  0.999995   5703204 217885.92
 3860.479  0.999996   5703208 262144.00
 3864.575  0.999997   5703214 289262.34
 3864.575  0.999997   5703214 328965.03
 3864.575  0.999997   5703214 372827.03
 3866.623  0.999998   5703216 441505.69
 3870.719  0.999998   5703223 524288.00
 3870.719  0.999998   5703223 578524.69
 3870.719  0.999998   5703223 645277.56
 3870.719  0.999999   5703223 762600.75
 3870.719  0.999999   5703223 883011.38
 3872.767  0.999999   5703224 1048576.00
 3874.815  0.999999   5703228 1198372.62
 3874.815  0.999999   5703228 1290555.12
 3874.815  0.999999   5703228 1525201.50
 3874.815  0.999999   5703228 1677721.62
 3874.815  1.000000   5703228 2097152.00
 3874.815  1.000000   5703228 2396745.25
 3874.815  1.000000   5703228 2796202.75
 3874.815  1.000000   5703228 2796202.75
 3874.815  1.000000   5703228 3355443.25
 3874.815  1.000000   5703228 4194304.00
 3874.815  1.000000   5703228 4194304.00
 3874.815  1.000000   5703228 5592405.50
 3878.911  1.000000   5703229 5592405.50
 3878.911  1.000000   5703229       inf

#[Mean    =   788.498, StdDeviation   =   893.929]
#[Max     =  3876.864, Total count    =   5703229]
#[Buckets =        27, SubBuckets     =      2048]
----------------------------------------------------------
  6209561 requests in 2.00m, 1.16GB read
Requests/sec:  51746.53
Transfer/sec:      9.92MB
-------------------------------------------
wrk2 -t4 -c256 -R53000 -d120 -L http://localhost:8082/cache?count=1
Running 2m test @ http://localhost:8082/cache?count=1
  4 threads and 256 connections
  Thread Calibration: Mean latency: 76.897ms, Rate Sampling Interval: 377ms
  Thread Calibration: Mean latency: 79.463ms, Rate Sampling Interval: 384ms
  Thread Calibration: Mean latency: 84.811ms, Rate Sampling Interval: 394ms
  Thread Calibration: Mean latency: 89.995ms, Rate Sampling Interval: 411ms
  Thread Stats   Avg      Stdev     Max   +/- Stdev
    Latency   238.88ms  384.07ms   2.19s    84.81%
    Req/Sec    13.28k     0.90k   16.86k    77.30%

  Latency Distribution (HdrHistogram - Recorded Latency HDR)

  Percentile  Value

   50.000%   22.38ms
   75.000%  348.67ms
   90.000%  829.95ms
   99.000%    1.59s 
   99.900%    1.91s 
   99.990%    2.08s 
   99.999%    2.14s 
  100.000%    2.19s 

  Detailed Percentile Spectrum:

    Value Percentile  TotCount 1/(1-Percentile)

    0.077  0.000000         1      1.00
    1.469  0.100000    582656      1.11
    2.449  0.200000   1164216      1.25
    4.363  0.300000   1746558      1.43
    9.087  0.400000   2328295      1.67
   22.383  0.500000   2910179      2.00
   39.647  0.550000   3200927      2.22
   74.815  0.600000   3492020      2.50
  142.079  0.650000   3782958      2.86
  236.927  0.700000   4074082      3.33
  348.671  0.750000   4364908      4.00
  409.087  0.775000   4510829      4.44
  477.183  0.800000   4655862      5.00
  550.911  0.825000   4801796      5.71
  629.759  0.850000   4947057      6.67
  720.895  0.875000   5092382      8.00
  773.119  0.887500   5165738      8.89
  829.951  0.900000   5238291     10.00
  895.487  0.912500   5311017     11.43
  964.607  0.925000   5383804     13.33
 1038.847  0.937500   5456379     16.00
 1078.271  0.943750   5492577     17.78
 1121.279  0.950000   5528790     20.00
 1168.383  0.956250   5565277     22.86
 1221.631  0.962500   5601797     26.67
 1286.143  0.968750   5638066     32.00
 1321.983  0.971875   5656337     35.56
 1356.799  0.975000   5674629     40.00
 1395.711  0.978125   5692690     45.71
 1437.695  0.981250   5710719     53.33
 1483.775  0.984375   5729033     64.00
 1508.351  0.985937   5737999     71.11
 1538.047  0.987500   5747163     80.00
 1568.767  0.989062   5756274     91.43
 1603.583  0.990625   5765265    106.67
 1640.447  0.992188   5774346    128.00
 1659.903  0.992969   5778970    142.22
 1680.383  0.993750   5783505    160.00
 1702.911  0.994531   5788093    182.86
 1726.463  0.995313   5792537    213.33
 1753.087  0.996094   5797104    256.00
 1767.423  0.996484   5799347    284.45
 1784.831  0.996875   5801655    320.00
 1803.263  0.997266   5803874    365.72
 1826.815  0.997656   5806233    426.66
 1848.319  0.998047   5808404    512.00
 1859.583  0.998242   5809625    568.89
 1870.847  0.998438   5810759    640.01
 1882.111  0.998633   5811871    731.42
 1895.423  0.998828   5812996    853.32
 1910.783  0.999023   5814147   1024.00
 1918.975  0.999121   5814698   1137.75
 1929.215  0.999219   5815221   1280.02
 1942.527  0.999316   5815819   1462.83
 1952.767  0.999414   5816396   1706.74
 1963.007  0.999512   5816952   2048.00
 1969.151  0.999561   5817210   2275.49
 1977.343  0.999609   5817519   2559.84
 1986.559  0.999658   5817811   2925.92
 1996.799  0.999707   5818072   3413.47
 2009.087  0.999756   5818349   4096.00
 2018.303  0.999780   5818493   4551.60
 2027.519  0.999805   5818631   5119.69
 2040.831  0.999829   5818779   5851.84
 2054.143  0.999853   5818929   6825.56
 2065.407  0.999878   5819057   8192.00
 2071.551  0.999890   5819140   9103.21
 2076.671  0.999902   5819209  10242.50
 2080.767  0.999915   5819270  11699.59
 2088.959  0.999927   5819342  13651.11
 2094.079  0.999939   5819414  16384.00
 2097.151  0.999945   5819456  18196.55
 2101.247  0.999951   5819496  20485.00
 2103.295  0.999957   5819519  23399.19
 2107.391  0.999963   5819567  27324.46
 2111.487  0.999969   5819598  32768.00
 2113.535  0.999973   5819607  36393.09
 2117.631  0.999976   5819633  40920.04
 2119.679  0.999979   5819653  46863.73
 2121.727  0.999982   5819663  54648.91
 2125.823  0.999985   5819681  65536.00
 2127.871  0.999986   5819689  72944.41
 2129.919  0.999988   5819695  81840.08
 2136.063  0.999989   5819709  93727.46
 2140.159  0.999991   5819719 108942.96
 2142.207  0.999992   5819726 131072.00
 2144.255  0.999993   5819731 145888.83
 2144.255  0.999994   5819731 164482.52
 2148.351  0.999995   5819735 186413.52
 2160.639  0.999995   5819740 217885.92
 2164.735  0.999996   5819744 262144.00
 2170.879  0.999997   5819747 289262.34
 2174.975  0.999997   5819751 328965.03
 2174.975  0.999997   5819751 372827.03
 2177.023  0.999998   5819753 441505.69
 2183.167  0.999998   5819755 524288.00
 2185.215  0.999998   5819757 578524.69
 2187.263  0.999998   5819762 645277.56
 2187.263  0.999999   5819762 762600.75
 2187.263  0.999999   5819762 883011.38
 2187.263  0.999999   5819762 1048576.00
 2187.263  0.999999   5819762 1198372.62
 2187.263  0.999999   5819762 1290555.12
 2189.311  0.999999   5819763 1525201.50
 2189.311  0.999999   5819763 1677721.62
 2191.359  1.000000   5819766 2097152.00
 2191.359  1.000000   5819766       inf

#[Mean    =   238.884, StdDeviation   =   384.068]
#[Max     =  2189.312, Total count    =   5819766]
#[Buckets =        27, SubBuckets     =      2048]
----------------------------------------------------------
  6325065 requests in 2.00m, 1.18GB read
Requests/sec:  52709.40
Transfer/sec:     10.10MB
-------------------------------------------
wrk2 -t4 -c256 -R54000 -d120 -L http://localhost:8082/cache?count=1
Running 2m test @ http://localhost:8082/cache?count=1
  4 threads and 256 connections
  Thread Calibration: Mean latency: 7.160ms, Rate Sampling Interval: 33ms
  Thread Calibration: Mean latency: 6.952ms, Rate Sampling Interval: 33ms
  Thread Calibration: Mean latency: 7.184ms, Rate Sampling Interval: 34ms
  Thread Calibration: Mean latency: 7.810ms, Rate Sampling Interval: 36ms
  Thread Stats   Avg      Stdev     Max   +/- Stdev
    Latency     1.87s     1.34s    5.40s    56.73%
    Req/Sec    13.45k     2.09k   22.62k    70.85%

  Latency Distribution (HdrHistogram - Recorded Latency HDR)

  Percentile  Value

   50.000%    2.06s 
   75.000%    2.95s 
   90.000%    3.55s 
   99.000%    4.44s 
   99.900%    4.94s 
   99.990%    5.17s 
   99.999%    5.39s 
  100.000%    5.41s 

  Detailed Percentile Spectrum:

    Value Percentile  TotCount 1/(1-Percentile)

    0.092  0.000000         1      1.00
    5.343  0.100000    581089      1.11
   52.479  0.200000   1162082      1.25
  945.663  0.300000   1743061      1.43
 1590.271  0.400000   2324457      1.67
 2061.311  0.500000   2905428      2.00
 2265.087  0.550000   3196751      2.22
 2453.503  0.600000   3489425      2.50
 2625.535  0.650000   3778880      2.86
 2789.375  0.700000   4070288      3.33
 2953.215  0.750000   4360925      4.00
 3039.231  0.775000   4505382      4.44
 3129.343  0.800000   4649439      5.00
 3225.599  0.825000   4796274      5.71
 3325.951  0.850000   4940060      6.67
 3430.399  0.875000   5084560      8.00
 3487.743  0.887500   5158367      8.89
 3549.183  0.900000   5231375     10.00
 3614.719  0.912500   5303702     11.43
 3686.399  0.925000   5375696     13.33
 3766.271  0.937500   5448573     16.00
 3809.279  0.943750   5484992     17.78
 3854.335  0.950000   5520092     20.00
 3907.583  0.956250   5556170     22.86
 3964.927  0.962500   5593114     26.67
 4032.511  0.968750   5628826     32.00
 4075.519  0.971875   5647125     35.56
 4126.719  0.975000   5665594     40.00
 4177.919  0.978125   5683111     45.71
 4243.455  0.981250   5701334     53.33
 4313.087  0.984375   5719474     64.00
 4345.855  0.985937   5728877     71.11
 4382.719  0.987500   5738368     80.00
 4419.583  0.989062   5747362     91.43
 4460.543  0.990625   5756311    106.67
 4505.599  0.992188   5765007    128.00
 4534.271  0.992969   5769656    142.22
 4562.943  0.993750   5774240    160.00
 4591.615  0.994531   5778854    182.86
 4620.287  0.995313   5783026    213.33
 4661.247  0.996094   5787830    256.00
 4685.823  0.996484   5789990    284.45
 4710.399  0.996875   5792209    320.00
 4743.167  0.997266   5794532    365.72
 4775.935  0.997656   5796731    426.66
 4812.799  0.998047   5799002    512.00
 4833.279  0.998242   5800099    568.89
 4861.951  0.998438   5801271    640.01
 4890.623  0.998633   5802384    731.42
 4915.199  0.998828   5803473    853.32
 4943.871  0.999023   5804673   1024.00
 4956.159  0.999121   5805131   1137.75
 4972.543  0.999219   5805794   1280.02
 4988.927  0.999316   5806331   1462.83
 5013.503  0.999414   5806864   1706.74
 5038.079  0.999512   5807441   2048.00
 5050.367  0.999561   5807715   2275.49
 5062.655  0.999609   5807933   2559.84
 5083.135  0.999658   5808276   2925.92
 5095.423  0.999707   5808591   3413.47
 5107.711  0.999756   5808839   4096.00
 5115.903  0.999780   5808961   4551.60
 5124.095  0.999805   5809078   5119.69
 5136.383  0.999829   5809233   5851.84
 5148.671  0.999853   5809403   6825.56
 5156.863  0.999878   5809506   8192.00
 5165.055  0.999890   5809598   9103.21
 5173.247  0.999902   5809659  10242.50
 5185.535  0.999915   5809712  11699.59
 5201.919  0.999927   5809793  13651.11
 5222.399  0.999939   5809857  16384.00
 5230.591  0.999945   5809888  18196.55
 5267.455  0.999951   5809921  20485.00
 5287.935  0.999957   5809954  23399.19
 5316.607  0.999963   5809993  27324.46
 5332.991  0.999969   5810029  32768.00
 5337.087  0.999973   5810045  36393.09
 5345.279  0.999976   5810073  40920.04
 5349.375  0.999979   5810085  46863.73
 5353.471  0.999982   5810099  54648.91
 5365.759  0.999985   5810113  65536.00
 5369.855  0.999986   5810121  72944.41
 5373.951  0.999988   5810130  81840.08
 5382.143  0.999989   5810141  93727.46
 5390.335  0.999991   5810156 108942.96
 5390.335  0.999992   5810156 131072.00
 5394.431  0.999993   5810169 145888.83
 5394.431  0.999994   5810169 164482.52
 5394.431  0.999995   5810169 186413.52
 5398.527  0.999995   5810181 217885.92
 5398.527  0.999996   5810181 262144.00
 5398.527  0.999997   5810181 289262.34
 5402.623  0.999997   5810193 328965.03
 5402.623  0.999997   5810193 372827.03
 5402.623  0.999998   5810193 441505.69
 5402.623  0.999998   5810193 524288.00
 5402.623  0.999998   5810193 578524.69
 5402.623  0.999998   5810193 645277.56
 5402.623  0.999999   5810193 762600.75
 5406.719  0.999999   5810200 883011.38
 5406.719  1.000000   5810200       inf

#[Mean    =  1870.813, StdDeviation   =  1338.218]
#[Max     =  5402.624, Total count    =   5810200]
#[Buckets =        27, SubBuckets     =      2048]
----------------------------------------------------------
  6347341 requests in 2.00m, 1.19GB read
Requests/sec:  52894.69
Transfer/sec:     10.14MB
-------------------------------------------
wrk2 -t4 -c256 -R55000 -d120 -L http://localhost:8082/cache?count=1
Running 2m test @ http://localhost:8082/cache?count=1
  4 threads and 256 connections
  Thread Calibration: Mean latency: 108.938ms, Rate Sampling Interval: 736ms
  Thread Calibration: Mean latency: 116.043ms, Rate Sampling Interval: 761ms
  Thread Calibration: Mean latency: 144.927ms, Rate Sampling Interval: 907ms
  Thread Calibration: Mean latency: 124.880ms, Rate Sampling Interval: 830ms
  Thread Stats   Avg      Stdev     Max   +/- Stdev
    Latency    76.73ms  160.97ms   1.38s    89.80%
    Req/Sec    13.81k   543.05    16.13k    78.35%

  Latency Distribution (HdrHistogram - Recorded Latency HDR)

  Percentile  Value

   50.000%   10.11ms
   75.000%   59.17ms
   90.000%  242.94ms
   99.000%  802.82ms
   99.900%    1.09s 
   99.990%    1.25s 
   99.999%    1.31s 
  100.000%    1.38s 

  Detailed Percentile Spectrum:

    Value Percentile  TotCount 1/(1-Percentile)

    0.084  0.000000         1      1.00
    1.298  0.100000    605990      1.11
    2.001  0.200000   1211807      1.25
    3.219  0.300000   1817393      1.43
    5.735  0.400000   2423341      1.67
   10.111  0.500000   3028783      2.00
   13.695  0.550000   3331718      2.22
   19.039  0.600000   3634701      2.50
   27.071  0.650000   3937252      2.86
   39.391  0.700000   4240345      3.33
   59.167  0.750000   4542792      4.00
   73.471  0.775000   4694324      4.44
   92.095  0.800000   4845487      5.00
  116.287  0.825000   4997178      5.71
  147.199  0.850000   5148659      6.67
  187.263  0.875000   5299721      8.00
  212.479  0.887500   5375739      8.89
  242.943  0.900000   5451173     10.00
  279.551  0.912500   5527030     11.43
  323.839  0.925000   5602803     13.33
  377.599  0.937500   5678356     16.00
  408.063  0.943750   5716366     17.78
  440.575  0.950000   5754241     20.00
  475.647  0.956250   5791879     22.86
  516.351  0.962500   5829827     26.67
  562.175  0.968750   5867680     32.00
  587.263  0.971875   5886756     35.56
  612.863  0.975000   5905407     40.00
  642.047  0.978125   5924468     45.71
  673.791  0.981250   5943406     53.33
  710.655  0.984375   5962310     64.00
  731.647  0.985937   5971811     71.11
  755.711  0.987500   5981202     80.00
  783.359  0.989062   5990561     91.43
  816.639  0.990625   6000097    106.67
  855.039  0.992188   6009567    128.00
  873.983  0.992969   6014213    142.22
  893.951  0.993750   6019069    160.00
  914.943  0.994531   6023737    182.86
  936.447  0.995313   6028483    213.33
  958.463  0.996094   6033183    256.00
  970.751  0.996484   6035558    284.45
  983.551  0.996875   6037925    320.00
  997.375  0.997266   6040305    365.72
 1011.711  0.997656   6042623    426.66
 1029.119  0.998047   6045029    512.00
 1038.847  0.998242   6046154    568.89
 1049.599  0.998438   6047366    640.01
 1061.887  0.998633   6048557    731.42
 1077.247  0.998828   6049750    853.32
 1098.751  0.999023   6050935   1024.00
 1111.039  0.999121   6051479   1137.75
 1126.399  0.999219   6052082   1280.02
 1140.735  0.999316   6052669   1462.83
 1155.071  0.999414   6053271   1706.74
 1171.455  0.999512   6053869   2048.00
 1180.671  0.999561   6054174   2275.49
 1188.863  0.999609   6054444   2559.84
 1198.079  0.999658   6054742   2925.92
 1208.319  0.999707   6055041   3413.47
 1219.583  0.999756   6055330   4096.00
 1224.703  0.999780   6055484   4551.60
 1229.823  0.999805   6055653   5119.69
 1233.919  0.999829   6055770   5851.84
 1239.039  0.999853   6055919   6825.56
 1246.207  0.999878   6056075   8192.00
 1250.303  0.999890   6056150   9103.21
 1254.399  0.999902   6056216  10242.50
 1259.519  0.999915   6056284  11699.59
 1265.663  0.999927   6056363  13651.11
 1271.807  0.999939   6056429  16384.00
 1275.903  0.999945   6056468  18196.55
 1279.999  0.999951   6056505  20485.00
 1285.119  0.999957   6056544  23399.19
 1289.215  0.999963   6056581  27324.46
 1294.335  0.999969   6056623  32768.00
 1295.359  0.999973   6056637  36393.09
 1297.407  0.999976   6056657  40920.04
 1299.455  0.999979   6056675  46863.73
 1302.527  0.999982   6056691  54648.91
 1305.599  0.999985   6056709  65536.00
 1307.647  0.999986   6056717  72944.41
 1311.743  0.999988   6056729  81840.08
 1314.815  0.999989   6056737  93727.46
 1317.887  0.999991   6056744 108942.96
 1323.007  0.999992   6056753 131072.00
 1328.127  0.999993   6056757 145888.83
 1336.319  0.999994   6056762 164482.52
 1342.463  0.999995   6056766 186413.52
 1348.607  0.999995   6056771 217885.92
 1353.727  0.999996   6056775 262144.00
 1355.775  0.999997   6056778 289262.34
 1357.823  0.999997   6056780 328965.03
 1359.871  0.999997   6056782 372827.03
 1364.991  0.999998   6056786 441505.69
 1366.015  0.999998   6056787 524288.00
 1367.039  0.999998   6056788 578524.69
 1368.063  0.999998   6056790 645277.56
 1368.063  0.999999   6056790 762600.75
 1370.111  0.999999   6056792 883011.38
 1372.159  0.999999   6056793 1048576.00
 1372.159  0.999999   6056793 1198372.62
 1373.183  0.999999   6056794 1290555.12
 1373.183  0.999999   6056794 1525201.50
 1377.279  0.999999   6056795 1677721.62
 1380.351  1.000000   6056796 2097152.00
 1380.351  1.000000   6056796 2396745.25
 1380.351  1.000000   6056796 2796202.75
 1380.351  1.000000   6056796 2796202.75
 1382.399  1.000000   6056797 3355443.25
 1382.399  1.000000   6056797 4194304.00
 1382.399  1.000000   6056797 4194304.00
 1382.399  1.000000   6056797 5592405.50
 1382.399  1.000000   6056797 5592405.50
 1383.423  1.000000   6056798 8388608.00
 1383.423  1.000000   6056798       inf

#[Mean    =    76.729, StdDeviation   =   160.968]
#[Max     =  1382.400, Total count    =   6056798]
#[Buckets =        27, SubBuckets     =      2048]
----------------------------------------------------------
  6579618 requests in 2.00m, 1.23GB read
Requests/sec:  54830.63
Transfer/sec:     10.51MB
-------------------------------------------
wrk2 -t4 -c256 -R56000 -d120 -L http://localhost:8082/cache?count=1
Running 2m test @ http://localhost:8082/cache?count=1
  4 threads and 256 connections
  Thread Calibration: Mean latency: 66.408ms, Rate Sampling Interval: 387ms
  Thread Calibration: Mean latency: 63.161ms, Rate Sampling Interval: 350ms
  Thread Calibration: Mean latency: 73.535ms, Rate Sampling Interval: 422ms
  Thread Calibration: Mean latency: 87.659ms, Rate Sampling Interval: 471ms
  Thread Stats   Avg      Stdev     Max   +/- Stdev
    Latency     2.86s     1.60s    7.96s    62.15%
    Req/Sec    13.43k     1.40k   16.84k    75.71%

  Latency Distribution (HdrHistogram - Recorded Latency HDR)

  Percentile  Value

   50.000%    3.07s 
   75.000%    3.94s 
   90.000%    4.83s 
   99.000%    6.37s 
   99.900%    7.25s 
   99.990%    7.86s 
   99.999%    7.92s 
  100.000%    7.96s 

  Detailed Percentile Spectrum:

    Value Percentile  TotCount 1/(1-Percentile)

    0.180  0.000000         1      1.00
  439.039  0.100000    588459      1.11
 1018.879  0.200000   1176969      1.25
 2177.023  0.300000   1765572      1.43
 2734.079  0.400000   2355543      1.67
 3071.999  0.500000   2944326      2.00
 3223.551  0.550000   3237246      2.22
 3381.247  0.600000   3530388      2.50
 3553.279  0.650000   3824365      2.86
 3743.743  0.700000   4120559      3.33
 3936.255  0.750000   4413556      4.00
 4040.703  0.775000   4559403      4.44
 4157.439  0.800000   4706299      5.00
 4296.703  0.825000   4855751      5.71
 4460.543  0.850000   5002473      6.67
 4636.671  0.875000   5147671      8.00
 4726.783  0.887500   5223728      8.89
 4825.087  0.900000   5296585     10.00
 4935.679  0.912500   5369732     11.43
 5066.751  0.925000   5442642     13.33
 5226.495  0.937500   5516903     16.00
 5304.319  0.943750   5552870     17.78
 5394.431  0.950000   5589235     20.00
 5488.639  0.956250   5626583     22.86
 5591.039  0.962500   5662537     26.67
 5705.727  0.968750   5699570     32.00
 5771.263  0.971875   5718410     35.56
 5849.087  0.975000   5736490     40.00
 5943.295  0.978125   5754686     45.71
 6029.311  0.981250   5772811     53.33
 6135.807  0.984375   5791198     64.00
 6184.959  0.985937   5800457     71.11
 6250.495  0.987500   5809555     80.00
 6332.415  0.989062   5818734     91.43
 6406.143  0.990625   5827894    106.67
 6492.159  0.992188   5837119    128.00
 6553.599  0.992969   5841685    142.22
 6610.943  0.993750   5846204    160.00
 6668.287  0.994531   5850793    182.86
 6721.535  0.995313   5855282    213.33
 6782.975  0.996094   5859936    256.00
 6815.743  0.996484   5862177    284.45
 6856.703  0.996875   5864484    320.00
 6914.047  0.997266   5866872    365.72
 6995.967  0.997656   5869147    426.66
 7061.503  0.998047   5871482    512.00
 7090.175  0.998242   5872567    568.89
 7122.943  0.998438   5873742    640.01
 7159.807  0.998633   5874909    731.42
 7200.767  0.998828   5875968    853.32
 7262.207  0.999023   5877188   1024.00
 7286.783  0.999121   5877762   1137.75
 7307.263  0.999219   5878405   1280.02
 7327.743  0.999316   5878924   1462.83
 7352.319  0.999414   5879459   1706.74
 7376.895  0.999512   5879995   2048.00
 7393.279  0.999561   5880285   2275.49
 7409.663  0.999609   5880602   2559.84
 7430.143  0.999658   5880889   2925.92
 7458.815  0.999707   5881138   3413.47
 7557.119  0.999756   5881417   4096.00
 7679.999  0.999780   5881558   4551.60
 7770.111  0.999805   5881715   5119.69
 7811.071  0.999829   5881862   5851.84
 7831.551  0.999853   5882017   6825.56
 7847.935  0.999878   5882150   8192.00
 7856.127  0.999890   5882212   9103.21
 7864.319  0.999902   5882277  10242.50
 7876.607  0.999915   5882373  11699.59
 7884.799  0.999927   5882449  13651.11
 7888.895  0.999939   5882501  16384.00
 7892.991  0.999945   5882558  18196.55
 7897.087  0.999951   5882611  20485.00
 7897.087  0.999957   5882611  23399.19
 7901.183  0.999963   5882654  27324.46
 7905.279  0.999969   5882704  32768.00
 7905.279  0.999973   5882704  36393.09
 7905.279  0.999976   5882704  40920.04
 7909.375  0.999979   5882747  46863.73
 7909.375  0.999982   5882747  54648.91
 7913.471  0.999985   5882775  65536.00
 7913.471  0.999986   5882775  72944.41
 7917.567  0.999988   5882801  81840.08
 7917.567  0.999989   5882801  93727.46
 7917.567  0.999991   5882801 108942.96
 7921.663  0.999992   5882822 131072.00
 7921.663  0.999993   5882822 145888.83
 7921.663  0.999994   5882822 164482.52
 7921.663  0.999995   5882822 186413.52
 7921.663  0.999995   5882822 217885.92
 7925.759  0.999996   5882826 262144.00
 7929.855  0.999997   5882833 289262.34
 7929.855  0.999997   5882833 328965.03
 7929.855  0.999997   5882833 372827.03
 7933.951  0.999998   5882836 441505.69
 7933.951  0.999998   5882836 524288.00
 7938.047  0.999998   5882838 578524.69
 7942.143  0.999998   5882840 645277.56
 7942.143  0.999999   5882840 762600.75
 7946.239  0.999999   5882842 883011.38
 7946.239  0.999999   5882842 1048576.00
 7946.239  0.999999   5882842 1198372.62
 7950.335  0.999999   5882843 1290555.12
 7954.431  0.999999   5882844 1525201.50
 7954.431  0.999999   5882844 1677721.62
 7958.527  1.000000   5882846 2097152.00
 7958.527  1.000000   5882846 2396745.25
 7958.527  1.000000   5882846 2796202.75
 7958.527  1.000000   5882846 2796202.75
 7958.527  1.000000   5882846 3355443.25
 7958.527  1.000000   5882846 4194304.00
 7958.527  1.000000   5882846 4194304.00
 7958.527  1.000000   5882846 5592405.50
 7962.623  1.000000   5882847 5592405.50
 7962.623  1.000000   5882847       inf

#[Mean    =  2861.919, StdDeviation   =  1596.268]
#[Max     =  7958.528, Total count    =   5882847]
#[Buckets =        27, SubBuckets     =      2048]
----------------------------------------------------------
  6428266 requests in 2.00m, 1.20GB read
Requests/sec:  53569.26
Transfer/sec:     10.27MB
-------------------------------------------
wrk2 -t4 -c256 -R57000 -d120 -L http://localhost:8082/cache?count=1
Running 2m test @ http://localhost:8082/cache?count=1
  4 threads and 256 connections
  Thread Calibration: Mean latency: 167.950ms, Rate Sampling Interval: 1110ms
  Thread Calibration: Mean latency: 168.034ms, Rate Sampling Interval: 1146ms
  Thread Calibration: Mean latency: 160.154ms, Rate Sampling Interval: 1083ms
  Thread Calibration: Mean latency: 183.467ms, Rate Sampling Interval: 1155ms
  Thread Stats   Avg      Stdev     Max   +/- Stdev
    Latency     1.22s   683.71ms   5.52s    68.54%
    Req/Sec    14.16k     1.01k   16.78k    78.09%

  Latency Distribution (HdrHistogram - Recorded Latency HDR)

  Percentile  Value

   50.000%    1.16s 
   75.000%    1.65s 
   90.000%    2.11s 
   99.000%    3.13s 
   99.900%    4.30s 
   99.990%    5.05s 
   99.999%    5.45s 
  100.000%    5.52s 

  Detailed Percentile Spectrum:

    Value Percentile  TotCount 1/(1-Percentile)

    0.135  0.000000         1      1.00
  372.735  0.100000    621375      1.11
  637.951  0.200000   1242972      1.25
  835.583  0.300000   1864111      1.43
 1004.031  0.400000   2484979      1.67
 1164.287  0.500000   3105922      2.00
 1247.231  0.550000   3417110      2.22
 1335.295  0.600000   3728308      2.50
 1431.551  0.650000   4039161      2.86
 1534.975  0.700000   4348678      3.33
 1651.711  0.750000   4658854      4.00
 1715.199  0.775000   4814528      4.44
 1777.663  0.800000   4968327      5.00
 1849.343  0.825000   5124611      5.71
 1926.143  0.850000   5279330      6.67
 2010.111  0.875000   5434170      8.00
 2057.215  0.887500   5512817      8.89
 2107.391  0.900000   5590395     10.00
 2160.639  0.912500   5666736     11.43
 2222.079  0.925000   5744851     13.33
 2297.855  0.937500   5821870     16.00
 2340.863  0.943750   5860729     17.78
 2394.111  0.950000   5900719     20.00
 2459.647  0.956250   5938783     22.86
 2533.375  0.962500   5977749     26.67
 2611.199  0.968750   6016176     32.00
 2652.159  0.971875   6035216     35.56
 2701.311  0.975000   6055013     40.00
 2756.607  0.978125   6074286     45.71
 2820.095  0.981250   6093804     53.33
 2897.919  0.984375   6112911     64.00
 2945.023  0.985937   6122451     71.11
 3006.463  0.987500   6132236     80.00
 3080.191  0.989062   6142048     91.43
 3162.111  0.990625   6151585    106.67
 3258.367  0.992188   6161318    128.00
 3319.807  0.992969   6166253    142.22
 3379.199  0.993750   6171109    160.00
 3442.687  0.994531   6175914    182.86
 3526.655  0.995313   6180772    213.33
 3627.007  0.996094   6185605    256.00
 3692.543  0.996484   6187976    284.45
 3807.231  0.996875   6190370    320.00
 3903.487  0.997266   6192799    365.72
 3985.407  0.997656   6195243    426.66
 4100.095  0.998047   6197651    512.00
 4147.199  0.998242   6198870    568.89
 4192.255  0.998438   6200069    640.01
 4235.263  0.998633   6201393    731.42
 4263.935  0.998828   6202555    853.32
 4308.991  0.999023   6203762   1024.00
 4341.759  0.999121   6204322   1137.75
 4395.007  0.999219   6204927   1280.02
 4468.735  0.999316   6205525   1462.83
 4550.655  0.999414   6206133   1706.74
 4632.575  0.999512   6206753   2048.00
 4661.247  0.999561   6207052   2275.49
 4706.303  0.999609   6207348   2559.84
 4747.263  0.999658   6207661   2925.92
 4767.743  0.999707   6207971   3413.47
 4820.991  0.999756   6208256   4096.00
 4849.663  0.999780   6208422   4551.60
 4878.335  0.999805   6208571   5119.69
 4911.103  0.999829   6208719   5851.84
 4931.583  0.999853   6208875   6825.56
 4952.063  0.999878   6209026   8192.00
 4964.351  0.999890   6209087   9103.21
 5099.519  0.999902   6209163  10242.50
 5148.671  0.999915   6209241  11699.59
 5210.111  0.999927   6209321  13651.11
 5246.975  0.999939   6209395  16384.00
 5279.743  0.999945   6209427  18196.55
 5304.319  0.999951   6209467  20485.00
 5349.375  0.999957   6209509  23399.19
 5369.855  0.999963   6209542  27324.46
 5402.623  0.999969   6209580  32768.00
 5410.815  0.999973   6209604  36393.09
 5414.911  0.999976   6209620  40920.04
 5423.103  0.999979   6209643  46863.73
 5431.295  0.999982   6209663  54648.91
 5439.487  0.999985   6209690  65536.00
 5439.487  0.999986   6209690  72944.41
 5443.583  0.999988   6209699  81840.08
 5447.679  0.999989   6209713  93727.46
 5447.679  0.999991   6209713 108942.96
 5455.871  0.999992   6209722 131072.00
 5464.063  0.999993   6209726 145888.83
 5496.831  0.999994   6209731 164482.52
 5500.927  0.999995   6209740 186413.52
 5500.927  0.999995   6209740 217885.92
 5505.023  0.999996   6209748 262144.00
 5505.023  0.999997   6209748 289262.34
 5509.119  0.999997   6209757 328965.03
 5509.119  0.999997   6209757 372827.03
 5509.119  0.999998   6209757 441505.69
 5509.119  0.999998   6209757 524288.00
 5513.215  0.999998   6209766 578524.69
 5513.215  0.999998   6209766 645277.56
 5513.215  0.999999   6209766 762600.75
 5513.215  0.999999   6209766 883011.38
 5513.215  0.999999   6209766 1048576.00
 5513.215  0.999999   6209766 1198372.62
 5513.215  0.999999   6209766 1290555.12
 5513.215  0.999999   6209766 1525201.50
 5513.215  0.999999   6209766 1677721.62
 5513.215  1.000000   6209766 2097152.00
 5513.215  1.000000   6209766 2396745.25
 5513.215  1.000000   6209766 2796202.75
 5513.215  1.000000   6209766 2796202.75
 5517.311  1.000000   6209767 3355443.25
 5517.311  1.000000   6209767 4194304.00
 5517.311  1.000000   6209767 4194304.00
 5517.311  1.000000   6209767 5592405.50
 5517.311  1.000000   6209767 5592405.50
 5521.407  1.000000   6209768 8388608.00
 5521.407  1.000000   6209768       inf

#[Mean    =  1224.652, StdDeviation   =   683.712]
#[Max     =  5517.312, Total count    =   6209768]
#[Buckets =        27, SubBuckets     =      2048]
----------------------------------------------------------
  6733136 requests in 2.00m, 1.26GB read
Requests/sec:  56109.44
Transfer/sec:     10.75MB
-------------------------------------------
wrk2 -t4 -c256 -R58000 -d120 -L http://localhost:8082/cache?count=1
Running 2m test @ http://localhost:8082/cache?count=1
  4 threads and 256 connections
  Thread Calibration: Mean latency: 92.042ms, Rate Sampling Interval: 494ms
  Thread Calibration: Mean latency: 90.996ms, Rate Sampling Interval: 515ms
  Thread Calibration: Mean latency: 131.444ms, Rate Sampling Interval: 735ms
  Thread Calibration: Mean latency: 103.302ms, Rate Sampling Interval: 550ms
  Thread Stats   Avg      Stdev     Max   +/- Stdev
    Latency     5.28s     3.37s   13.03s    55.71%
    Req/Sec    13.26k     1.71k   17.86k    84.27%

  Latency Distribution (HdrHistogram - Recorded Latency HDR)

  Percentile  Value

   50.000%    5.47s 
   75.000%    7.90s 
   90.000%   10.03s 
   99.000%   11.57s 
   99.900%   12.48s 
   99.990%   12.89s 
   99.999%   13.00s 
  100.000%   13.04s 

  Detailed Percentile Spectrum:

    Value Percentile  TotCount 1/(1-Percentile)

    0.226  0.000000         1      1.00
  609.279  0.100000    581821      1.11
 1163.263  0.200000   1162943      1.25
 3158.015  0.300000   1743926      1.43
 4448.255  0.400000   2326459      1.67
 5472.255  0.500000   2906726      2.00
 5931.007  0.550000   3199704      2.22
 6377.471  0.600000   3489188      2.50
 6819.839  0.650000   3779208      2.86
 7307.263  0.700000   4070221      3.33
 7901.183  0.750000   4360603      4.00
 8212.479  0.775000   4506268      4.44
 8577.023  0.800000   4651046      5.00
 8970.239  0.825000   4797548      5.71
 9330.687  0.850000   4941076      6.67
 9691.135  0.875000   5088659      8.00
 9846.783  0.887500   5159576      8.89
10027.007  0.900000   5233123     10.00
10190.847  0.912500   5304538     11.43
10346.495  0.925000   5377812     13.33
10502.143  0.937500   5451598     16.00
10584.063  0.943750   5487878     17.78
10674.175  0.950000   5524335     20.00
10756.095  0.956250   5560055     22.86
10838.015  0.962500   5596072     26.67
10936.319  0.968750   5633010     32.00
10993.663  0.971875   5650786     35.56
11067.391  0.975000   5669303     40.00
11149.311  0.978125   5687088     45.71
11231.231  0.981250   5704569     53.33
11345.919  0.984375   5722373     64.00
11411.455  0.985937   5731888     71.11
11468.799  0.987500   5740558     80.00
11534.335  0.989062   5750297     91.43
11591.679  0.990625   5758595    106.67
11657.215  0.992188   5767727    128.00
11698.175  0.992969   5772606    142.22
11730.943  0.993750   5776993    160.00
11763.711  0.994531   5781389    182.86
11804.671  0.995313   5786034    213.33
11862.015  0.996094   5790501    256.00
11902.975  0.996484   5792577    284.45
11960.319  0.996875   5795255    320.00
12009.471  0.997266   5797152    365.72
12083.199  0.997656   5799404    426.66
12222.463  0.998047   5801787    512.00
12279.807  0.998242   5802852    568.89
12353.535  0.998438   5803962    640.01
12410.879  0.998633   5805206    731.42
12451.839  0.998828   5806362    853.32
12492.799  0.999023   5807324   1024.00
12541.951  0.999121   5807945   1137.75
12582.911  0.999219   5808530   1280.02
12607.487  0.999316   5809049   1462.83
12640.255  0.999414   5809714   1706.74
12664.831  0.999512   5810289   2048.00
12673.023  0.999561   5810441   2275.49
12689.407  0.999609   5810719   2559.84
12713.983  0.999658   5811129   2925.92
12730.367  0.999707   5811365   3413.47
12746.751  0.999756   5811642   4096.00
12754.943  0.999780   5811776   4551.60
12763.135  0.999805   5811899   5119.69
12771.327  0.999829   5811998   5851.84
12787.711  0.999853   5812157   6825.56
12828.671  0.999878   5812279   8192.00
12877.823  0.999890   5812360   9103.21
12902.399  0.999902   5812441  10242.50
12910.591  0.999915   5812505  11699.59
12918.783  0.999927   5812569  13651.11
12935.167  0.999939   5812673  16384.00
12935.167  0.999945   5812673  18196.55
12951.551  0.999951   5812748  20485.00
12951.551  0.999957   5812748  23399.19
12959.743  0.999963   5812788  27324.46
12967.935  0.999969   5812827  32768.00
12967.935  0.999973   5812827  36393.09
12976.127  0.999976   5812857  40920.04
12984.319  0.999979   5812896  46863.73
12984.319  0.999982   5812896  54648.91
12992.511  0.999985   5812918  65536.00
12992.511  0.999986   5812918  72944.41
12992.511  0.999988   5812918  81840.08
13000.703  0.999989   5812938  93727.46
13000.703  0.999991   5812938 108942.96
13008.895  0.999992   5812958 131072.00
13008.895  0.999993   5812958 145888.83
13008.895  0.999994   5812958 164482.52
13008.895  0.999995   5812958 186413.52
13017.087  0.999995   5812969 217885.92
13017.087  0.999996   5812969 262144.00
13017.087  0.999997   5812969 289262.34
13017.087  0.999997   5812969 328965.03
13025.279  0.999997   5812976 372827.03
13025.279  0.999998   5812976 441505.69
13025.279  0.999998   5812976 524288.00
13033.471  0.999998   5812982 578524.69
13033.471  0.999998   5812982 645277.56
13033.471  0.999999   5812982 762600.75
13033.471  0.999999   5812982 883011.38
13033.471  0.999999   5812982 1048576.00
13033.471  0.999999   5812982 1198372.62
13033.471  0.999999   5812982 1290555.12
13041.663  0.999999   5812986 1525201.50
13041.663  1.000000   5812986       inf

#[Mean    =  5284.369, StdDeviation   =  3374.486]
#[Max     = 13033.472, Total count    =   5812986]
#[Buckets =        27, SubBuckets     =      2048]
----------------------------------------------------------
  6358624 requests in 2.00m, 1.19GB read
Requests/sec:  52988.18
Transfer/sec:     10.15MB
-------------------------------------------
wrk2 -t4 -c256 -R59000 -d120 -L http://localhost:8082/cache?count=1
Running 2m test @ http://localhost:8082/cache?count=1
  4 threads and 256 connections
  Thread Calibration: Mean latency: 326.268ms, Rate Sampling Interval: 2275ms
  Thread Calibration: Mean latency: 357.454ms, Rate Sampling Interval: 2402ms
  Thread Calibration: Mean latency: 362.376ms, Rate Sampling Interval: 2373ms
  Thread Calibration: Mean latency: 338.922ms, Rate Sampling Interval: 2373ms
  Thread Stats   Avg      Stdev     Max   +/- Stdev
    Latency     4.95s     1.82s   11.10s    65.58%
    Req/Sec    13.83k   697.38    15.77k    66.49%

  Latency Distribution (HdrHistogram - Recorded Latency HDR)

  Percentile  Value

   50.000%    4.76s 
   75.000%    6.21s 
   90.000%    7.54s 
   99.000%    9.33s 
   99.900%   10.30s 
   99.990%   10.85s 
   99.999%   11.02s 
  100.000%   11.11s 

  Detailed Percentile Spectrum:

    Value Percentile  TotCount 1/(1-Percentile)

 1164.287  0.000000         2      1.00
 2717.695  0.100000    607097      1.11
 3282.943  0.200000   1213350      1.25
 3745.791  0.300000   1820545      1.43
 4251.647  0.400000   2430071      1.67
 4763.647  0.500000   3036442      2.00
 5025.791  0.550000   3338764      2.22
 5292.031  0.600000   3640771      2.50
 5586.943  0.650000   3943308      2.86
 5885.951  0.700000   4246502      3.33
 6213.631  0.750000   4550283      4.00
 6385.663  0.775000   4701205      4.44
 6582.271  0.800000   4853527      5.00
 6782.975  0.825000   5005631      5.71
 7000.063  0.850000   5156669      6.67
 7241.727  0.875000   5307928      8.00
 7380.991  0.887500   5385196      8.89
 7536.639  0.900000   5459806     10.00
 7679.999  0.912500   5537323     11.43
 7831.551  0.925000   5611127     13.33
 8019.967  0.937500   5687660     16.00
 8114.175  0.943750   5725202     17.78
 8237.055  0.950000   5763679     20.00
 8351.743  0.956250   5800882     22.86
 8486.911  0.962500   5839880     26.67
 8626.175  0.968750   5876687     32.00
 8708.095  0.971875   5896908     35.56
 8790.015  0.975000   5915032     40.00
 8880.127  0.978125   5933832     45.71
 8986.623  0.981250   5952876     53.33
 9109.503  0.984375   5971817     64.00
 9158.655  0.985937   5980808     71.11
 9224.191  0.987500   5991033     80.00
 9289.727  0.989062   5999962     91.43
 9363.455  0.990625   6009071    106.67
 9453.567  0.992188   6018671    128.00
 9494.527  0.992969   6023530    142.22
 9551.871  0.993750   6028518    160.00
 9601.023  0.994531   6032769    182.86
 9666.559  0.995313   6037767    213.33
 9732.095  0.996094   6042763    256.00
 9756.671  0.996484   6044659    284.45
 9797.631  0.996875   6047179    320.00
 9846.783  0.997266   6049474    365.72
 9912.319  0.997656   6051895    426.66
10002.431  0.998047   6054194    512.00
10043.391  0.998242   6055335    568.89
10092.543  0.998438   6056515    640.01
10158.079  0.998633   6057709    731.42
10223.615  0.998828   6058834    853.32
10305.535  0.999023   6060082   1024.00
10338.303  0.999121   6060720   1137.75
10371.071  0.999219   6061194   1280.02
10436.607  0.999316   6061829   1462.83
10485.759  0.999414   6062428   1706.74
10543.103  0.999512   6063022   2048.00
10575.871  0.999561   6063268   2275.49
10649.599  0.999609   6063578   2559.84
10698.751  0.999658   6063915   2925.92
10731.519  0.999707   6064177   3413.47
10772.479  0.999756   6064470   4096.00
10788.863  0.999780   6064637   4551.60
10805.247  0.999805   6064873   5119.69
10813.439  0.999829   6064991   5851.84
10821.631  0.999853   6065097   6825.56
10829.823  0.999878   6065200   8192.00
10838.015  0.999890   6065310   9103.21
10846.207  0.999902   6065406  10242.50
10854.399  0.999915   6065478  11699.59
10862.591  0.999927   6065524  13651.11
10870.783  0.999939   6065583  16384.00
10878.975  0.999945   6065649  18196.55
10878.975  0.999951   6065649  20485.00
10887.167  0.999957   6065671  23399.19
10911.743  0.999963   6065713  27324.46
10936.319  0.999969   6065743  32768.00
10952.703  0.999973   6065764  36393.09
10969.087  0.999976   6065780  40920.04
10985.471  0.999979   6065807  46863.73
10993.663  0.999982   6065818  54648.91
11001.855  0.999985   6065843  65536.00
11001.855  0.999986   6065843  72944.41
11010.047  0.999988   6065861  81840.08
11010.047  0.999989   6065861  93727.46
11018.239  0.999991   6065875 108942.96
11026.431  0.999992   6065883 131072.00
11034.623  0.999993   6065886 145888.83
11067.391  0.999994   6065892 164482.52
11075.583  0.999995   6065894 186413.52
11083.775  0.999995   6065898 217885.92
11091.967  0.999996   6065910 262144.00
11091.967  0.999997   6065910 289262.34
11091.967  0.999997   6065910 328965.03
11091.967  0.999997   6065910 372827.03
11100.159  0.999998   6065919 441505.69
11100.159  0.999998   6065919 524288.00
11100.159  0.999998   6065919 578524.69
11100.159  0.999998   6065919 645277.56
11100.159  0.999999   6065919 762600.75
11100.159  0.999999   6065919 883011.38
11108.351  0.999999   6065925 1048576.00
11108.351  1.000000   6065925       inf

#[Mean    =  4948.147, StdDeviation   =  1820.828]
#[Max     = 11100.160, Total count    =   6065925]
#[Buckets =        27, SubBuckets     =      2048]
----------------------------------------------------------
  6546938 requests in 2.00m, 1.23GB read
Requests/sec:  54558.12
Transfer/sec:     10.46MB
-------------------------------------------
wrk2 -t4 -c256 -R60000 -d120 -L http://localhost:8082/cache?count=1
Running 2m test @ http://localhost:8082/cache?count=1
  4 threads and 256 connections
  Thread Calibration: Mean latency: 213.423ms, Rate Sampling Interval: 1037ms
  Thread Calibration: Mean latency: 224.409ms, Rate Sampling Interval: 1063ms
  Thread Calibration: Mean latency: 248.661ms, Rate Sampling Interval: 1153ms
  Thread Calibration: Mean latency: 236.492ms, Rate Sampling Interval: 1107ms
  Thread Stats   Avg      Stdev     Max   +/- Stdev
    Latency     5.25s     3.01s   12.94s    55.48%
    Req/Sec    13.75k     0.97k   16.34k    77.86%

  Latency Distribution (HdrHistogram - Recorded Latency HDR)

  Percentile  Value

   50.000%    5.47s 
   75.000%    7.78s 
   90.000%    9.12s 
   99.000%   10.85s 
   99.900%   11.94s 
   99.990%   12.65s 
   99.999%   12.92s 
  100.000%   12.95s 

  Detailed Percentile Spectrum:

    Value Percentile  TotCount 1/(1-Percentile)

    0.189  0.000000         1      1.00
 1072.127  0.100000    603705      1.11
 1690.623  0.200000   1206431      1.25
 3211.263  0.300000   1808799      1.43
 4435.967  0.400000   2412182      1.67
 5468.159  0.500000   3016488      2.00
 5963.775  0.550000   3317151      2.22
 6447.103  0.600000   3619374      2.50
 6909.951  0.650000   3919986      2.86
 7340.031  0.700000   4221149      3.33
 7778.303  0.750000   4522343      4.00
 8011.775  0.775000   4672785      4.44
 8220.671  0.800000   4824312      5.00
 8445.951  0.825000   4974106      5.71
 8667.135  0.850000   5124624      6.67
 8880.127  0.875000   5279898      8.00
 8986.623  0.887500   5351636      8.89
 9117.695  0.900000   5429232     10.00
 9248.767  0.912500   5502309     11.43
 9388.031  0.925000   5578180     13.33
 9551.871  0.937500   5651979     16.00
 9658.367  0.943750   5690787     17.78
 9764.863  0.950000   5729674     20.00
 9871.359  0.956250   5765069     22.86
 9994.239  0.962500   5804339     26.67
10149.887  0.968750   5841947     32.00
10223.615  0.971875   5859318     35.56
10305.535  0.975000   5879373     40.00
10387.455  0.978125   5897793     45.71
10485.759  0.981250   5916826     53.33
10592.255  0.984375   5935258     64.00
10649.599  0.985937   5944339     71.11
10723.327  0.987500   5953758     80.00
10797.055  0.989062   5963045     91.43
10870.783  0.990625   5972430    106.67
10969.087  0.992188   5981831    128.00
11026.431  0.992969   5986538    142.22
11091.967  0.993750   5991405    160.00
11173.887  0.994531   5996171    182.86
11239.423  0.995313   6000526    213.33
11321.343  0.996094   6005239    256.00
11378.687  0.996484   6007640    284.45
11427.839  0.996875   6010001    320.00
11468.799  0.997266   6012277    365.72
11517.951  0.997656   6014616    426.66
11616.255  0.998047   6017004    512.00
11689.983  0.998242   6018085    568.89
11755.519  0.998438   6019253    640.01
11812.863  0.998633   6020463    731.42
11878.399  0.998828   6021668    853.32
11952.127  0.999023   6022802   1024.00
11993.087  0.999121   6023442   1137.75
12042.239  0.999219   6023985   1280.02
12083.199  0.999316   6024539   1462.83
12124.159  0.999414   6025192   1706.74
12156.927  0.999512   6025719   2048.00
12181.503  0.999561   6026007   2275.49
12206.079  0.999609   6026394   2559.84
12222.463  0.999658   6026608   2925.92
12296.191  0.999707   6026885   3413.47
12337.151  0.999756   6027209   4096.00
12353.535  0.999780   6027345   4551.60
12394.495  0.999805   6027479   5119.69
12509.183  0.999829   6027641   5851.84
12533.759  0.999853   6027788   6825.56
12558.335  0.999878   6027908   8192.00
12599.295  0.999890   6027980   9103.21
12656.639  0.999902   6028057  10242.50
12689.407  0.999915   6028138  11699.59
12713.983  0.999927   6028211  13651.11
12730.367  0.999939   6028282  16384.00
12738.559  0.999945   6028313  18196.55
12754.943  0.999951   6028365  20485.00
12763.135  0.999957   6028400  23399.19
12795.903  0.999963   6028426  27324.46
12812.287  0.999969   6028471  32768.00
12820.479  0.999973   6028498  36393.09
12820.479  0.999976   6028498  40920.04
12828.671  0.999979   6028514  46863.73
12836.863  0.999982   6028536  54648.91
12853.247  0.999985   6028550  65536.00
12910.591  0.999986   6028566  72944.41
12918.783  0.999988   6028581  81840.08
12918.783  0.999989   6028581  93727.46
12926.975  0.999991   6028602 108942.96
12926.975  0.999992   6028602 131072.00
12926.975  0.999993   6028602 145888.83
12935.167  0.999994   6028622 164482.52
12935.167  0.999995   6028622 186413.52
12935.167  0.999995   6028622 217885.92
12935.167  0.999996   6028622 262144.00
12935.167  0.999997   6028622 289262.34
12943.359  0.999997   6028636 328965.03
12943.359  0.999997   6028636 372827.03
12943.359  0.999998   6028636 441505.69
12943.359  0.999998   6028636 524288.00
12943.359  0.999998   6028636 578524.69
12943.359  0.999998   6028636 645277.56
12943.359  0.999999   6028636 762600.75
12943.359  0.999999   6028636 883011.38
12943.359  0.999999   6028636 1048576.00
12943.359  0.999999   6028636 1198372.62
12951.551  0.999999   6028641 1290555.12
12951.551  1.000000   6028641       inf

#[Mean    =  5246.576, StdDeviation   =  3005.744]
#[Max     = 12943.360, Total count    =   6028641]
#[Buckets =        27, SubBuckets     =      2048]
----------------------------------------------------------
  6579977 requests in 2.00m, 1.23GB read
Requests/sec:  54833.45
Transfer/sec:     10.51MB
-------------------------------------------
wrk2 -t4 -c256 -R61000 -d120 -L http://localhost:8082/cache?count=1
Running 2m test @ http://localhost:8082/cache?count=1
  4 threads and 256 connections
  Thread Calibration: Mean latency: 434.554ms, Rate Sampling Interval: 1890ms
  Thread Calibration: Mean latency: 477.475ms, Rate Sampling Interval: 1872ms
  Thread Calibration: Mean latency: 517.092ms, Rate Sampling Interval: 2312ms
  Thread Calibration: Mean latency: 530.566ms, Rate Sampling Interval: 2299ms
  Thread Stats   Avg      Stdev     Max   +/- Stdev
    Latency     6.69s     2.61s   13.56s    59.14%
    Req/Sec    13.98k     1.10k   17.23k    78.10%

  Latency Distribution (HdrHistogram - Recorded Latency HDR)

  Percentile  Value

   50.000%    6.73s 
   75.000%    9.00s 
   90.000%    9.90s 
   99.000%   11.23s 
   99.900%   12.21s 
   99.990%   13.19s 
   99.999%   13.43s 
  100.000%   13.57s 

  Detailed Percentile Spectrum:

    Value Percentile  TotCount 1/(1-Percentile)

  361.215  0.000000         1      1.00
 2996.223  0.100000    613052      1.11
 3989.503  0.200000   1225536      1.25
 5083.135  0.300000   1838560      1.43
 5943.295  0.400000   2453115      1.67
 6733.823  0.500000   3064023      2.00
 7254.015  0.550000   3369404      2.22
 7876.607  0.600000   3676447      2.50
 8335.359  0.650000   3982277      2.86
 8691.711  0.700000   4294463      3.33
 9003.007  0.750000   4594764      4.00
 9158.655  0.775000   4750194      4.44
 9306.111  0.800000   4906053      5.00
 9445.375  0.825000   5058464      5.71
 9584.639  0.850000   5210807      6.67
 9740.287  0.875000   5366638      8.00
 9822.207  0.887500   5441922      8.89
 9904.127  0.900000   5517246     10.00
10002.431  0.912500   5593724     11.43
10117.119  0.925000   5666623     13.33
10256.383  0.937500   5747577     16.00
10321.919  0.943750   5784965     17.78
10387.455  0.950000   5821364     20.00
10461.183  0.956250   5858434     22.86
10551.295  0.962500   5896631     26.67
10674.175  0.968750   5935936     32.00
10739.711  0.971875   5954860     35.56
10805.247  0.975000   5974417     40.00
10870.783  0.978125   5992974     45.71
10944.511  0.981250   6010970     53.33
11034.623  0.984375   6031649     64.00
11075.583  0.985937   6040598     71.11
11132.927  0.987500   6049669     80.00
11198.463  0.989062   6059964     91.43
11263.999  0.990625   6069131    106.67
11345.919  0.992188   6078629    128.00
11395.071  0.992969   6083185    142.22
11460.607  0.993750   6087996    160.00
11542.527  0.994531   6092504    182.86
11624.447  0.995313   6097579    213.33
11689.983  0.996094   6102185    256.00
11730.943  0.996484   6104753    284.45
11771.903  0.996875   6106815    320.00
11837.439  0.997266   6109092    365.72
11919.359  0.997656   6111625    426.66
11993.087  0.998047   6113955    512.00
12025.855  0.998242   6115107    568.89
12058.623  0.998438   6116336    640.01
12091.391  0.998633   6117588    731.42
12140.543  0.998828   6118808    853.32
12214.271  0.999023   6119850   1024.00
12247.039  0.999121   6120436   1137.75
12287.999  0.999219   6121058   1280.02
12345.343  0.999316   6121643   1462.83
12386.303  0.999414   6122254   1706.74
12435.455  0.999512   6122852   2048.00
12476.415  0.999561   6123184   2275.49
12517.375  0.999609   6123469   2559.84
12558.335  0.999658   6123770   2925.92
12607.487  0.999707   6124031   3413.47
12705.791  0.999756   6124336   4096.00
12763.135  0.999780   6124479   4551.60
12869.631  0.999805   6124629   5119.69
12951.551  0.999829   6124784   5851.84
13041.663  0.999853   6124923   6825.56
13123.583  0.999878   6125082   8192.00
13172.735  0.999890   6125146   9103.21
13197.311  0.999902   6125280  10242.50
13205.503  0.999915   6125305  11699.59
13221.887  0.999927   6125375  13651.11
13246.463  0.999939   6125458  16384.00
13271.039  0.999945   6125488  18196.55
13287.423  0.999951   6125535  20485.00
13303.807  0.999957   6125565  23399.19
13320.191  0.999963   6125595  27324.46
13336.575  0.999969   6125659  32768.00
13336.575  0.999973   6125659  36393.09
13344.767  0.999976   6125697  40920.04
13344.767  0.999979   6125697  46863.73
13352.959  0.999982   6125711  54648.91
13369.343  0.999985   6125728  65536.00
13377.535  0.999986   6125738  72944.41
13385.727  0.999988   6125746  81840.08
13434.879  0.999989   6125757  93727.46
13459.455  0.999991   6125765 108942.96
13467.647  0.999992   6125773 131072.00
13475.839  0.999993   6125778 145888.83
13484.031  0.999994   6125780 164482.52
13500.415  0.999995   6125799 186413.52
13500.415  0.999995   6125799 217885.92
13500.415  0.999996   6125799 262144.00
13500.415  0.999997   6125799 289262.34
13500.415  0.999997   6125799 328965.03
13524.991  0.999997   6125802 372827.03
13533.183  0.999998   6125808 441505.69
13533.183  0.999998   6125808 524288.00
13533.183  0.999998   6125808 578524.69
13533.183  0.999998   6125808 645277.56
13541.375  0.999999   6125809 762600.75
13549.567  0.999999   6125814 883011.38
13549.567  0.999999   6125814 1048576.00
13549.567  0.999999   6125814 1198372.62
13549.567  0.999999   6125814 1290555.12
13549.567  0.999999   6125814 1525201.50
13549.567  0.999999   6125814 1677721.62
13565.951  1.000000   6125817 2097152.00
13565.951  1.000000   6125817       inf

#[Mean    =  6689.998, StdDeviation   =  2606.061]
#[Max     = 13557.760, Total count    =   6125817]
#[Buckets =        27, SubBuckets     =      2048]
----------------------------------------------------------
  6665495 requests in 2.00m, 1.25GB read
Requests/sec:  55546.10
Transfer/sec:     10.64MB
-------------------------------------------
wrk2 -t4 -c256 -R62000 -d120 -L http://localhost:8082/cache?count=1
Running 2m test @ http://localhost:8082/cache?count=1
  4 threads and 256 connections
  Thread Calibration: Mean latency: 527.680ms, Rate Sampling Interval: 2181ms
  Thread Calibration: Mean latency: 609.123ms, Rate Sampling Interval: 2334ms
  Thread Calibration: Mean latency: 588.101ms, Rate Sampling Interval: 2179ms
  Thread Calibration: Mean latency: 527.085ms, Rate Sampling Interval: 2252ms
  Thread Stats   Avg      Stdev     Max   +/- Stdev
    Latency     7.01s     3.56s   15.20s    56.94%
    Req/Sec    13.94k     0.98k   16.30k    78.87%

  Latency Distribution (HdrHistogram - Recorded Latency HDR)

  Percentile  Value

   50.000%    7.59s 
   75.000%   10.00s 
   90.000%   11.41s 
   99.000%   13.21s 
   99.900%   14.29s 
   99.990%   14.85s 
   99.999%   15.17s 
  100.000%   15.21s 

  Detailed Percentile Spectrum:

    Value Percentile  TotCount 1/(1-Percentile)

  122.815  0.000000         1      1.00
 1863.679  0.100000    611292      1.11
 2654.207  0.200000   1222583      1.25
 4722.687  0.300000   1833762      1.43
 6270.975  0.400000   2444808      1.67
 7593.983  0.500000   3055453      2.00
 8134.655  0.550000   3361827      2.22
 8658.943  0.600000   3669301      2.50
 9158.655  0.650000   3975964      2.86
 9560.063  0.700000   4282316      3.33
10002.431  0.750000   4586709      4.00
10215.423  0.775000   4737841      4.44
10428.415  0.800000   4890219      5.00
10649.599  0.825000   5043262      5.71
10887.167  0.850000   5197260      6.67
11124.735  0.875000   5347388      8.00
11263.999  0.887500   5426362      8.89
11411.455  0.900000   5503528     10.00
11550.719  0.912500   5577852     11.43
11706.367  0.925000   5653447     13.33
11886.591  0.937500   5731498     16.00
11976.703  0.943750   5768841     17.78
12075.007  0.950000   5807444     20.00
12173.311  0.956250   5844897     22.86
12296.191  0.962500   5881923     26.67
12443.647  0.968750   5920526     32.00
12525.567  0.971875   5939679     35.56
12607.487  0.975000   5958212     40.00
12697.599  0.978125   5977641     45.71
12787.711  0.981250   5997170     53.33
12894.207  0.984375   6015819     64.00
12967.935  0.985937   6025659     71.11
13049.855  0.987500   6034354     80.00
13156.351  0.989062   6044491     91.43
13254.655  0.990625   6053431    106.67
13426.687  0.992188   6063143    128.00
13492.223  0.992969   6068258    142.22
13557.759  0.993750   6072637    160.00
13639.679  0.994531   6077205    182.86
13729.791  0.995313   6082190    213.33
13811.711  0.996094   6086750    256.00
13852.671  0.996484   6089264    284.45
13893.631  0.996875   6091536    320.00
13950.975  0.997266   6094046    365.72
14041.087  0.997656   6096389    426.66
14106.623  0.998047   6098841    512.00
14147.583  0.998242   6099948    568.89
14188.543  0.998438   6101070    640.01
14229.503  0.998633   6102522    731.42
14254.079  0.998828   6103453    853.32
14286.847  0.999023   6104658   1024.00
14311.423  0.999121   6105307   1137.75
14352.383  0.999219   6105940   1280.02
14393.343  0.999316   6106606   1462.83
14417.919  0.999414   6107079   1706.74
14450.687  0.999512   6107764   2048.00
14467.071  0.999561   6107991   2275.49
14491.647  0.999609   6108289   2559.84
14516.223  0.999658   6108550   2925.92
14557.183  0.999707   6108829   3413.47
14622.719  0.999756   6109131   4096.00
14647.295  0.999780   6109295   4551.60
14671.871  0.999805   6109449   5119.69
14696.447  0.999829   6109591   5851.84
14778.367  0.999853   6109750   6825.56
14811.135  0.999878   6109903   8192.00
14827.519  0.999890   6109963   9103.21
14852.095  0.999902   6110041  10242.50
14868.479  0.999915   6110108  11699.59
14893.055  0.999927   6110173  13651.11
14925.823  0.999939   6110249  16384.00
14942.207  0.999945   6110296  18196.55
14950.399  0.999951   6110356  20485.00
14950.399  0.999957   6110356  23399.19
14966.783  0.999963   6110391  27324.46
15007.743  0.999969   6110428  32768.00
15015.935  0.999973   6110448  36393.09
15040.511  0.999976   6110469  40920.04
15089.663  0.999979   6110484  46863.73
15106.047  0.999982   6110504  54648.91
15122.431  0.999985   6110522  65536.00
15138.815  0.999986   6110532  72944.41
15147.007  0.999988   6110544  81840.08
15171.583  0.999989   6110551  93727.46
15196.159  0.999991   6110578 108942.96
15196.159  0.999992   6110578 131072.00
15196.159  0.999993   6110578 145888.83
15196.159  0.999994   6110578 164482.52
15204.351  0.999995   6110607 186413.52
15204.351  0.999995   6110607 217885.92
15204.351  0.999996   6110607 262144.00
15204.351  0.999997   6110607 289262.34
15204.351  0.999997   6110607 328965.03
15204.351  0.999997   6110607 372827.03
15204.351  0.999998   6110607 441505.69
15204.351  0.999998   6110607 524288.00
15204.351  0.999998   6110607 578524.69
15204.351  0.999998   6110607 645277.56
15204.351  0.999999   6110607 762600.75
15204.351  0.999999   6110607 883011.38
15204.351  0.999999   6110607 1048576.00
15204.351  0.999999   6110607 1198372.62
15212.543  0.999999   6110612 1290555.12
15212.543  1.000000   6110612       inf

#[Mean    =  7007.581, StdDeviation   =  3564.234]
#[Max     = 15204.352, Total count    =   6110612]
#[Buckets =        27, SubBuckets     =      2048]
----------------------------------------------------------
  6644487 requests in 2.00m, 1.24GB read
Requests/sec:  55370.98
Transfer/sec:     10.61MB
-------------------------------------------
wrk2 -t4 -c256 -R63000 -d120 -L http://localhost:8082/cache?count=1
Running 2m test @ http://localhost:8082/cache?count=1
  4 threads and 256 connections
  Thread Calibration: Mean latency: 546.313ms, Rate Sampling Interval: 2557ms
  Thread Calibration: Mean latency: 573.558ms, Rate Sampling Interval: 2664ms
  Thread Calibration: Mean latency: 538.177ms, Rate Sampling Interval: 2512ms
  Thread Calibration: Mean latency: 629.552ms, Rate Sampling Interval: 2652ms
  Thread Stats   Avg      Stdev     Max   +/- Stdev
    Latency     7.22s     3.52s   16.36s    59.19%
    Req/Sec    14.07k     0.97k   16.54k    74.25%

  Latency Distribution (HdrHistogram - Recorded Latency HDR)

  Percentile  Value

   50.000%    6.55s 
   75.000%   10.54s 
   90.000%   11.98s 
   99.000%   13.98s 
   99.900%   15.18s 
   99.990%   15.96s 
   99.999%   16.29s 
  100.000%   16.37s 

  Detailed Percentile Spectrum:

    Value Percentile  TotCount 1/(1-Percentile)

  694.271  0.000000         1      1.00
 2793.471  0.100000    617616      1.11
 3850.239  0.200000   1235246      1.25
 4599.807  0.300000   1852816      1.43
 5443.583  0.400000   2468558      1.67
 6545.407  0.500000   3086643      2.00
 7331.839  0.550000   3395192      2.22
 8314.879  0.600000   3702703      2.50
 9347.071  0.650000   4013696      2.86
10027.007  0.700000   4320746      3.33
10543.103  0.750000   4629005      4.00
10764.287  0.775000   4784223      4.44
10977.279  0.800000   4937790      5.00
11214.847  0.825000   5095566      5.71
11460.607  0.850000   5249590      6.67
11714.559  0.875000   5401517      8.00
11845.631  0.887500   5478349      8.89
11984.895  0.900000   5554012     10.00
12148.735  0.912500   5633011     11.43
12328.959  0.925000   5711406     13.33
12500.991  0.937500   5785312     16.00
12607.487  0.943750   5824364     17.78
12722.175  0.950000   5863324     20.00
12845.055  0.956250   5902344     22.86
12976.127  0.962500   5940542     26.67
13139.967  0.968750   5978493     32.00
13221.887  0.971875   5997498     35.56
13320.191  0.975000   6017577     40.00
13426.687  0.978125   6037183     45.71
13533.183  0.981250   6055348     53.33
13664.255  0.984375   6074927     64.00
13737.983  0.985937   6084759     71.11
13828.095  0.987500   6094543     80.00
13926.399  0.989062   6104023     91.43
14016.511  0.990625   6113853    106.67
14131.199  0.992188   6122937    128.00
14204.927  0.992969   6127986    142.22
14278.655  0.993750   6132454    160.00
14360.575  0.994531   6137380    182.86
14483.455  0.995313   6142344    213.33
14589.951  0.996094   6147051    256.00
14655.487  0.996484   6149467    284.45
14712.831  0.996875   6151748    320.00
14778.367  0.997266   6154265    365.72
14827.519  0.997656   6156735    426.66
14876.671  0.998047   6158999    512.00
14909.439  0.998242   6160182    568.89
14974.975  0.998438   6161397    640.01
15032.319  0.998633   6162524    731.42
15106.047  0.998828   6163816    853.32
15196.159  0.999023   6164970   1024.00
15237.119  0.999121   6165522   1137.75
15310.847  0.999219   6166168   1280.02
15409.151  0.999316   6166794   1462.83
15482.879  0.999414   6167331   1706.74
15564.799  0.999512   6167956   2048.00
15613.951  0.999561   6168225   2275.49
15646.719  0.999609   6168547   2559.84
15679.487  0.999658   6168845   2925.92
15720.447  0.999707   6169158   3413.47
15761.407  0.999756   6169485   4096.00
15777.791  0.999780   6169595   4551.60
15802.367  0.999805   6169782   5119.69
15818.751  0.999829   6169974   5851.84
15826.943  0.999853   6170053   6825.56
15859.711  0.999878   6170193   8192.00
15917.055  0.999890   6170268   9103.21
15974.399  0.999902   6170339  10242.50
15990.783  0.999915   6170435  11699.59
16015.359  0.999927   6170504  13651.11
16039.935  0.999939   6170569  16384.00
16064.511  0.999945   6170598  18196.55
16195.583  0.999951   6170637  20485.00
16236.543  0.999957   6170685  23399.19
16244.735  0.999963   6170730  27324.46
16252.927  0.999969   6170764  32768.00
16261.119  0.999973   6170789  36393.09
16261.119  0.999976   6170789  40920.04
16277.503  0.999979   6170820  46863.73
16285.695  0.999982   6170833  54648.91
16293.887  0.999985   6170875  65536.00
16293.887  0.999986   6170875  72944.41
16293.887  0.999988   6170875  81840.08
16293.887  0.999989   6170875  93727.46
16302.079  0.999991   6170888 108942.96
16310.271  0.999992   6170893 131072.00
16318.463  0.999993   6170903 145888.83
16318.463  0.999994   6170903 164482.52
16326.655  0.999995   6170915 186413.52
16326.655  0.999995   6170915 217885.92
16326.655  0.999996   6170915 262144.00
16326.655  0.999997   6170915 289262.34
16334.847  0.999997   6170918 328965.03
16343.039  0.999997   6170920 372827.03
16351.231  0.999998   6170928 441505.69
16351.231  0.999998   6170928 524288.00
16351.231  0.999998   6170928 578524.69
16351.231  0.999998   6170928 645277.56
16351.231  0.999999   6170928 762600.75
16359.423  0.999999   6170935 883011.38
16359.423  0.999999   6170935 1048576.00
16359.423  0.999999   6170935 1198372.62
16359.423  0.999999   6170935 1290555.12
16359.423  0.999999   6170935 1525201.50
16359.423  0.999999   6170935 1677721.62
16359.423  1.000000   6170935 2097152.00
16359.423  1.000000   6170935 2396745.25
16359.423  1.000000   6170935 2796202.75
16359.423  1.000000   6170935 2796202.75
16359.423  1.000000   6170935 3355443.25
16359.423  1.000000   6170935 4194304.00
16359.423  1.000000   6170935 4194304.00
16359.423  1.000000   6170935 5592405.50
16359.423  1.000000   6170935 5592405.50
16367.615  1.000000   6170936 8388608.00
16367.615  1.000000   6170936       inf

#[Mean    =  7215.017, StdDeviation   =  3522.952]
#[Max     = 16359.424, Total count    =   6170936]
#[Buckets =        27, SubBuckets     =      2048]
----------------------------------------------------------
  6706569 requests in 2.00m, 1.26GB read
Requests/sec:  55888.59
Transfer/sec:     10.71MB
-------------------------------------------
wrk2 -t4 -c256 -R64000 -d120 -L http://localhost:8082/cache?count=1
Running 2m test @ http://localhost:8082/cache?count=1
  4 threads and 256 connections
  Thread Calibration: Mean latency: 263.033ms, Rate Sampling Interval: 1349ms
  Thread Calibration: Mean latency: 275.016ms, Rate Sampling Interval: 1363ms
  Thread Calibration: Mean latency: 285.499ms, Rate Sampling Interval: 1376ms
  Thread Calibration: Mean latency: 262.129ms, Rate Sampling Interval: 1329ms
  Thread Stats   Avg      Stdev     Max   +/- Stdev
    Latency     8.92s     4.66s   19.55s    58.00%
    Req/Sec    13.73k     0.94k   15.77k    75.78%

  Latency Distribution (HdrHistogram - Recorded Latency HDR)

  Percentile  Value

   50.000%    9.22s 
   75.000%   12.68s 
   90.000%   15.06s 
   99.000%   17.22s 
   99.900%   18.28s 
   99.990%   19.02s 
   99.999%   19.40s 
  100.000%   19.56s 

  Detailed Percentile Spectrum:

    Value Percentile  TotCount 1/(1-Percentile)

   67.519  0.000000         1      1.00
 2092.031  0.100000    602552      1.11
 3794.943  0.200000   1205187      1.25
 6139.903  0.300000   1807946      1.43
 7700.479  0.400000   2410266      1.67
 9224.191  0.500000   3014444      2.00
10010.623  0.550000   3315561      2.22
10772.479  0.600000   3618022      2.50
11411.455  0.650000   3918011      2.86
12025.855  0.700000   4217629      3.33
12681.215  0.750000   4518970      4.00
13074.431  0.775000   4669599      4.44
13500.415  0.800000   4819398      5.00
13901.823  0.825000   4971243      5.71
14278.655  0.850000   5120477      6.67
14671.871  0.875000   5272396      8.00
14868.479  0.887500   5349154      8.89
15056.895  0.900000   5423811     10.00
15253.503  0.912500   5497093     11.43
15466.495  0.925000   5572299     13.33
15687.679  0.937500   5647514     16.00
15826.943  0.943750   5685544     17.78
15958.015  0.950000   5724224     20.00
16097.279  0.956250   5761552     22.86
16236.543  0.962500   5798495     26.67
16392.191  0.968750   5837032     32.00
16482.303  0.971875   5855330     35.56
16572.414  0.975000   5874724     40.00
16662.527  0.978125   5892258     45.71
16793.600  0.981250   5912751     53.33
16941.057  0.984375   5931071     64.00
17022.977  0.985937   5941032     71.11
17088.512  0.987500   5949399     80.00
17170.432  0.989062   5959417     91.43
17252.352  0.990625   5968822    106.67
17399.809  0.992188   5977699    128.00
17465.344  0.992969   5981824    142.22
17530.881  0.993750   5986578    160.00
17612.801  0.994531   5991935    182.86
17661.951  0.995313   5995788    213.33
17743.871  0.996094   6000458    256.00
17793.023  0.996484   6002817    284.45
17842.176  0.996875   6005596    320.00
17891.328  0.997266   6008209    365.72
17940.480  0.997656   6010495    426.66
18006.016  0.998047   6012708    512.00
18055.168  0.998242   6013616    568.89
18104.320  0.998438   6014981    640.01
18153.473  0.998633   6016088    731.42
18202.623  0.998828   6017032    853.32
18284.545  0.999023   6018153   1024.00
18333.695  0.999121   6018808   1137.75
18382.848  0.999219   6019368   1280.02
18448.385  0.999316   6019968   1462.83
18530.305  0.999414   6020604   1706.74
18579.455  0.999512   6021235   2048.00
18595.840  0.999561   6021429   2275.49
18612.225  0.999609   6021640   2559.84
18743.297  0.999658   6021939   2925.92
18825.217  0.999707   6022293   3413.47
18857.984  0.999756   6022554   4096.00
18890.752  0.999780   6022770   4551.60
18907.137  0.999805   6022919   5119.69
18923.520  0.999829   6022995   5851.84
18956.287  0.999853   6023120   6825.56
18989.057  0.999878   6023312   8192.00
19005.439  0.999890   6023383   9103.21
19021.824  0.999902   6023405  10242.50
19136.512  0.999915   6023474  11699.59
19202.049  0.999927   6023567  13651.11
19218.432  0.999939   6023632  16384.00
19234.816  0.999945   6023731  18196.55
19234.816  0.999951   6023731  20485.00
19234.816  0.999957   6023731  23399.19
19251.199  0.999963   6023815  27324.46
19251.199  0.999969   6023815  32768.00
19267.584  0.999973   6023836  36393.09
19283.969  0.999976   6023842  40920.04
19365.889  0.999979   6023869  46863.73
19382.271  0.999982   6023915  54648.91
19382.271  0.999985   6023915  65536.00
19382.271  0.999986   6023915  72944.41
19382.271  0.999988   6023915  81840.08
19398.656  0.999989   6023927  93727.46
19431.424  0.999991   6023941 108942.96
19431.424  0.999992   6023941 131072.00
19464.191  0.999993   6023954 145888.83
19464.191  0.999994   6023954 164482.52
19464.191  0.999995   6023954 186413.52
19480.576  0.999995   6023960 217885.92
19496.961  0.999996   6023965 262144.00
19513.344  0.999997   6023966 289262.34
19546.111  0.999997   6023976 328965.03
19546.111  0.999997   6023976 372827.03
19546.111  0.999998   6023976 441505.69
19546.111  0.999998   6023976 524288.00
19546.111  0.999998   6023976 578524.69
19562.496  0.999998   6023986 645277.56
19562.496  1.000000   6023986       inf

#[Mean    =  8915.909, StdDeviation   =  4658.902]
#[Max     = 19546.111, Total count    =   6023986]
#[Buckets =        27, SubBuckets     =      2048]
----------------------------------------------------------
  6613220 requests in 2.00m, 1.24GB read
Requests/sec:  55110.45
Transfer/sec:     10.56MB
-------------------------------------------
wrk2 -t4 -c256 -R65000 -d120 -L http://localhost:8082/cache?count=1
Running 2m test @ http://localhost:8082/cache?count=1
  4 threads and 256 connections
  Thread Calibration: Mean latency: 546.007ms, Rate Sampling Interval: 2506ms
  Thread Calibration: Mean latency: 593.664ms, Rate Sampling Interval: 2705ms
  Thread Calibration: Mean latency: 584.941ms, Rate Sampling Interval: 2744ms
  Thread Calibration: Mean latency: 659.935ms, Rate Sampling Interval: 2818ms
  Thread Stats   Avg      Stdev     Max   +/- Stdev
    Latency     8.45s     3.81s   18.15s    60.79%
    Req/Sec    14.24k   650.16    15.91k    65.62%

  Latency Distribution (HdrHistogram - Recorded Latency HDR)

  Percentile  Value

   50.000%    8.29s 
   75.000%   11.62s 
   90.000%   13.82s 
   99.000%   15.73s 
   99.900%   16.89s 
   99.990%   17.58s 
   99.999%   18.12s 
  100.000%   18.17s 

  Detailed Percentile Spectrum:

    Value Percentile  TotCount 1/(1-Percentile)

  833.023  0.000000         1      1.00
 3270.655  0.100000    625013      1.11
 4878.335  0.200000   1249973      1.25
 5947.391  0.300000   1875075      1.43
 6975.487  0.400000   2498489      1.67
 8294.399  0.500000   3122048      2.00
 8904.703  0.550000   3436469      2.22
 9519.103  0.600000   3749517      2.50
10149.887  0.650000   4059309      2.86
10838.015  0.700000   4371778      3.33
11624.447  0.750000   4683688      4.00
12017.663  0.775000   4840471      4.44
12386.303  0.800000   4996567      5.00
12779.519  0.825000   5152452      5.71
13139.967  0.850000   5307586      6.67
13467.647  0.875000   5462599      8.00
13647.871  0.887500   5543741      8.89
13819.903  0.900000   5620843     10.00
14000.127  0.912500   5696550     11.43
14172.159  0.925000   5776818     13.33
14352.383  0.937500   5855304     16.00
14458.879  0.943750   5894328     17.78
14565.375  0.950000   5930967     20.00
14688.255  0.956250   5970080     22.86
14827.519  0.962500   6010568     26.67
14974.975  0.968750   6048884     32.00
15048.703  0.971875   6067625     35.56
15138.815  0.975000   6088191     40.00
15237.119  0.978125   6106203     45.71
15343.615  0.981250   6125857     53.33
15466.495  0.984375   6145936     64.00
15532.031  0.985937   6155720     71.11
15597.567  0.987500   6165064     80.00
15679.487  0.989062   6175259     91.43
15761.407  0.990625   6184539    106.67
15859.711  0.992188   6194753    128.00
15900.671  0.992969   6198857    142.22
15958.015  0.993750   6204139    160.00
16023.551  0.994531   6208878    182.86
16105.471  0.995313   6213886    213.33
16179.199  0.996094   6218632    256.00
16220.159  0.996484   6220920    284.45
16277.503  0.996875   6223331    320.00
16334.847  0.997266   6225933    365.72
16400.383  0.997656   6228071    426.66
16515.070  0.998047   6230578    512.00
16572.414  0.998242   6231745    568.89
16646.143  0.998438   6232988    640.01
16736.256  0.998633   6234215    731.42
16826.367  0.998828   6235609    853.32
16908.287  0.999023   6236645   1024.00
16957.439  0.999121   6237244   1137.75
17006.592  0.999219   6237832   1280.02
17072.129  0.999316   6238401   1462.83
17154.049  0.999414   6239163   1706.74
17203.199  0.999512   6239743   2048.00
17235.969  0.999561   6240043   2275.49
17268.736  0.999609   6240309   2559.84
17301.504  0.999658   6240558   2925.92
17334.271  0.999707   6240862   3413.47
17383.424  0.999756   6241204   4096.00
17399.809  0.999780   6241311   4551.60
17432.576  0.999805   6241497   5119.69
17448.961  0.999829   6241612   5851.84
17514.496  0.999853   6241773   6825.56
17563.648  0.999878   6241986   8192.00
17563.648  0.999890   6241986   9103.21
17580.031  0.999902   6242064  10242.50
17612.801  0.999915   6242166  11699.59
17629.184  0.999927   6242231  13651.11
17711.104  0.999939   6242300  16384.00
17793.023  0.999945   6242325  18196.55
17924.096  0.999951   6242364  20485.00
17989.633  0.999957   6242408  23399.19
18006.016  0.999963   6242443  27324.46
18022.400  0.999969   6242479  32768.00
18038.783  0.999973   6242497  36393.09
18055.168  0.999976   6242515  40920.04
18087.936  0.999979   6242547  46863.73
18104.320  0.999982   6242593  54648.91
18104.320  0.999985   6242593  65536.00
18104.320  0.999986   6242593  72944.41
18104.320  0.999988   6242593  81840.08
18120.703  0.999989   6242642  93727.46
18120.703  0.999991   6242642 108942.96
18120.703  0.999992   6242642 131072.00
18120.703  0.999993   6242642 145888.83
18120.703  0.999994   6242642 164482.52
18120.703  0.999995   6242642 186413.52
18120.703  0.999995   6242642 217885.92
18137.088  0.999996   6242653 262144.00
18137.088  0.999997   6242653 289262.34
18137.088  0.999997   6242653 328965.03
18137.088  0.999997   6242653 372827.03
18137.088  0.999998   6242653 441505.69
18153.473  0.999998   6242665 524288.00
18153.473  0.999998   6242665 578524.69
18153.473  0.999998   6242665 645277.56
18153.473  0.999999   6242665 762600.75
18153.473  0.999999   6242665 883011.38
18153.473  0.999999   6242665 1048576.00
18153.473  0.999999   6242665 1198372.62
18153.473  0.999999   6242665 1290555.12
18153.473  0.999999   6242665 1525201.50
18153.473  0.999999   6242665 1677721.62
18153.473  1.000000   6242665 2097152.00
18153.473  1.000000   6242665 2396745.25
18153.473  1.000000   6242665 2796202.75
18153.473  1.000000   6242665 2796202.75
18169.855  1.000000   6242667 3355443.25
18169.855  1.000000   6242667       inf

#[Mean    =  8452.880, StdDeviation   =  3809.261]
#[Max     = 18153.473, Total count    =   6242667]
#[Buckets =        27, SubBuckets     =      2048]
----------------------------------------------------------
  6787971 requests in 2.00m, 1.27GB read
Requests/sec:  56566.87
Transfer/sec:     10.84MB
-------------------------------------------
