wrk2 -t4 -c128 -R12000 -d120 -L http://localhost:8082/cache?count=5
Running 2m test @ http://localhost:8082/cache?count=5
  4 threads and 128 connections
  Thread Calibration: Mean latency: 10.502ms, Rate Sampling Interval: 65ms
  Thread Calibration: Mean latency: 11.278ms, Rate Sampling Interval: 72ms
  Thread Calibration: Mean latency: 12.804ms, Rate Sampling Interval: 81ms
  Thread Calibration: Mean latency: 11.229ms, Rate Sampling Interval: 73ms
  Thread Stats   Avg      Stdev     Max   +/- Stdev
    Latency     3.38ms    3.18ms  60.45ms   93.03%
    Req/Sec     3.02k   139.41     4.11k    76.99%

  Latency Distribution (HdrHistogram - Recorded Latency HDR)

  Percentile  Value

   50.000%    2.71ms
   75.000%    3.81ms
   90.000%    5.52ms
   99.000%   16.48ms
   99.900%   38.69ms
   99.990%   49.66ms
   99.999%   55.36ms
  100.000%   60.48ms

  Detailed Percentile Spectrum:

    Value Percentile  TotCount 1/(1-Percentile)

    0.284  0.000000         1      1.00
    1.294  0.100000    131944      1.11
    1.675  0.200000    263797      1.25
    2.022  0.300000    395437      1.43
    2.365  0.400000    527451      1.67
    2.711  0.500000    659251      2.00
    2.891  0.550000    725296      2.22
    3.085  0.600000    791442      2.50
    3.297  0.650000    856948      2.86
    3.535  0.700000    923001      3.33
    3.811  0.750000    988943      4.00
    3.973  0.775000   1021845      4.44
    4.155  0.800000   1054587      5.00
    4.371  0.825000   1087858      5.71
    4.639  0.850000   1120420      6.67
    5.003  0.875000   1153352      8.00
    5.235  0.887500   1169770      8.89
    5.519  0.900000   1186373     10.00
    5.875  0.912500   1202813     11.43
    6.335  0.925000   1219197     13.33
    6.915  0.937500   1235738     16.00
    7.259  0.943750   1243930     17.78
    7.671  0.950000   1252168     20.00
    8.155  0.956250   1260426     22.86
    8.751  0.962500   1268612     26.67
    9.503  0.968750   1276870     32.00
    9.975  0.971875   1280982     35.56
   10.535  0.975000   1285133     40.00
   11.215  0.978125   1289246     45.71
   12.039  0.981250   1293335     53.33
   13.079  0.984375   1297458     64.00
   13.735  0.985937   1299528     71.11
   14.575  0.987500   1301577     80.00
   15.663  0.989062   1303621     91.43
   17.055  0.990625   1305687    106.67
   19.071  0.992188   1307747    128.00
   20.319  0.992969   1308782    142.22
   21.599  0.993750   1309803    160.00
   23.087  0.994531   1310829    182.86
   24.831  0.995313   1311867    213.33
   26.895  0.996094   1312890    256.00
   27.983  0.996484   1313410    284.45
   29.231  0.996875   1313923    320.00
   30.623  0.997266   1314434    365.72
   32.031  0.997656   1314953    426.66
   33.631  0.998047   1315465    512.00
   34.527  0.998242   1315726    568.89
   35.551  0.998438   1315989    640.01
   36.511  0.998633   1316235    731.42
   37.535  0.998828   1316495    853.32
   38.847  0.999023   1316753   1024.00
   39.455  0.999121   1316884   1137.75
   40.127  0.999219   1317011   1280.02
   40.863  0.999316   1317144   1462.83
   41.535  0.999414   1317270   1706.74
   42.367  0.999512   1317397   2048.00
   42.911  0.999561   1317460   2275.49
   43.487  0.999609   1317524   2559.84
   44.063  0.999658   1317590   2925.92
   44.799  0.999707   1317652   3413.47
   45.535  0.999756   1317717   4096.00
   46.079  0.999780   1317748   4551.60
   46.687  0.999805   1317780   5119.69
   47.263  0.999829   1317812   5851.84
   47.967  0.999853   1317844   6825.56
   48.895  0.999878   1317877   8192.00
   49.311  0.999890   1317894   9103.21
   49.823  0.999902   1317911  10242.50
   50.495  0.999915   1317926  11699.59
   50.847  0.999927   1317941  13651.11
   51.263  0.999939   1317957  16384.00
   51.551  0.999945   1317965  18196.55
   51.935  0.999951   1317973  20485.00
   52.351  0.999957   1317981  23399.19
   52.735  0.999963   1317989  27324.46
   53.247  0.999969   1317997  32768.00
   53.567  0.999973   1318001  36393.09
   53.695  0.999976   1318005  40920.04
   53.919  0.999979   1318011  46863.73
   54.207  0.999982   1318013  54648.91
   54.655  0.999985   1318017  65536.00
   54.783  0.999986   1318019  72944.41
   54.911  0.999988   1318021  81840.08
   55.263  0.999989   1318023  93727.46
   55.647  0.999991   1318025 108942.96
   55.999  0.999992   1318027 131072.00
   56.479  0.999993   1318028 145888.83
   56.767  0.999994   1318029 164482.52
   56.895  0.999995   1318030 186413.52
   57.151  0.999995   1318031 217885.92
   57.311  0.999996   1318032 262144.00
   57.471  0.999997   1318033 289262.34
   57.471  0.999997   1318033 328965.03
   58.911  0.999997   1318034 372827.03
   58.911  0.999998   1318034 441505.69
   59.071  0.999998   1318035 524288.00
   59.071  0.999998   1318035 578524.69
   59.071  0.999998   1318035 645277.56
   59.935  0.999999   1318036 762600.75
   59.935  0.999999   1318036 883011.38
   59.935  0.999999   1318036 1048576.00
   59.935  0.999999   1318036 1198372.62
   59.935  0.999999   1318036 1290555.12
   60.479  0.999999   1318037 1525201.50
   60.479  1.000000   1318037       inf

#[Mean    =     3.376, StdDeviation   =     3.185]
#[Max     =    60.448, Total count    =   1318037]
#[Buckets =        27, SubBuckets     =      2048]
----------------------------------------------------------
  1436277 requests in 2.00m, 275.20MB read
Requests/sec:  11968.85
Transfer/sec:      2.29MB
-------------------------------------------
wrk2 -t4 -c128 -R13000 -d120 -L http://localhost:8082/cache?count=5
Running 2m test @ http://localhost:8082/cache?count=5
  4 threads and 128 connections
  Thread Calibration: Mean latency: 3.818ms, Rate Sampling Interval: 12ms
  Thread Calibration: Mean latency: 4.280ms, Rate Sampling Interval: 13ms
  Thread Calibration: Mean latency: 3.933ms, Rate Sampling Interval: 12ms
  Thread Calibration: Mean latency: 3.838ms, Rate Sampling Interval: 12ms
  Thread Stats   Avg      Stdev     Max   +/- Stdev
    Latency    36.47ms  101.62ms 719.36ms   93.33%
    Req/Sec     3.39k   702.32     7.64k    72.73%

  Latency Distribution (HdrHistogram - Recorded Latency HDR)

  Percentile  Value

   50.000%    4.73ms
   75.000%   12.25ms
   90.000%   77.38ms
   99.000%  538.11ms
   99.900%  635.39ms
   99.990%  690.17ms
   99.999%  713.73ms
  100.000%  719.87ms

  Detailed Percentile Spectrum:

    Value Percentile  TotCount 1/(1-Percentile)

    0.275  0.000000         1      1.00
    2.057  0.100000    142881      1.11
    2.791  0.200000    285586      1.25
    3.395  0.300000    428392      1.43
    3.991  0.400000    571492      1.67
    4.727  0.500000    714510      2.00
    5.243  0.550000    785624      2.22
    5.995  0.600000    856963      2.50
    7.287  0.650000    928137      2.86
    9.287  0.700000    999652      3.33
   12.247  0.750000   1070955      4.00
   14.767  0.775000   1106605      4.44
   18.351  0.800000   1142322      5.00
   23.567  0.825000   1177983      5.71
   31.887  0.850000   1213608      6.67
   46.975  0.875000   1249299      8.00
   61.247  0.887500   1267168      8.89
   77.375  0.900000   1285042     10.00
   95.423  0.912500   1302875     11.43
  121.087  0.925000   1320722     13.33
  147.071  0.937500   1338560     16.00
  164.351  0.943750   1347496     17.78
  219.007  0.950000   1356379     20.00
  314.367  0.956250   1365319     22.86
  387.071  0.962500   1374231     26.67
  430.591  0.968750   1383217     32.00
  445.695  0.971875   1387637     35.56
  459.519  0.975000   1392101     40.00
  473.599  0.978125   1396593     45.71
  488.959  0.981250   1401058     53.33
  505.343  0.984375   1405518     64.00
  513.535  0.985937   1407734     71.11
  522.239  0.987500   1409928     80.00
  531.967  0.989062   1412246     91.43
  541.695  0.990625   1414495    106.67
  550.911  0.992188   1416616    128.00
  556.543  0.992969   1417733    142.22
  562.687  0.993750   1418855    160.00
  569.855  0.994531   1420045    182.86
  576.511  0.995313   1421075    213.33
  584.703  0.996094   1422257    256.00
  588.799  0.996484   1422806    284.45
  592.895  0.996875   1423306    320.00
  598.527  0.997266   1423916    365.72
  603.647  0.997656   1424421    426.66
  611.327  0.998047   1425013    512.00
  615.423  0.998242   1425277    568.89
  620.031  0.998438   1425547    640.01
  624.127  0.998633   1425822    731.42
  629.759  0.998828   1426111    853.32
  635.903  0.999023   1426376   1024.00
  638.975  0.999121   1426527   1137.75
  642.559  0.999219   1426663   1280.02
  646.143  0.999316   1426792   1462.83
  650.239  0.999414   1426932   1706.74
  655.359  0.999512   1427070   2048.00
  658.431  0.999561   1427144   2275.49
  660.991  0.999609   1427220   2559.84
  664.575  0.999658   1427288   2925.92
  668.159  0.999707   1427354   3413.47
  673.791  0.999756   1427421   4096.00
  676.863  0.999780   1427457   4551.60
  679.935  0.999805   1427493   5119.69
  681.983  0.999829   1427522   5851.84
  684.031  0.999853   1427561   6825.56
  687.615  0.999878   1427599   8192.00
  689.663  0.999890   1427617   9103.21
  690.687  0.999902   1427634  10242.50
  692.223  0.999915   1427645  11699.59
  694.271  0.999927   1427665  13651.11
  696.831  0.999939   1427680  16384.00
  698.367  0.999945   1427688  18196.55
  699.903  0.999951   1427697  20485.00
  700.927  0.999957   1427708  23399.19
  701.951  0.999963   1427716  27324.46
  703.487  0.999969   1427725  32768.00
  704.511  0.999973   1427728  36393.09
  706.559  0.999976   1427732  40920.04
  709.119  0.999979   1427736  46863.73
  711.167  0.999982   1427741  54648.91
  711.679  0.999985   1427745  65536.00
  712.703  0.999986   1427750  72944.41
  712.703  0.999988   1427750  81840.08
  713.215  0.999989   1427751  93727.46
  714.239  0.999991   1427757 108942.96
  714.239  0.999992   1427757 131072.00
  714.239  0.999993   1427757 145888.83
  715.263  0.999994   1427759 164482.52
  715.263  0.999995   1427759 186413.52
  716.287  0.999995   1427761 217885.92
  716.287  0.999996   1427761 262144.00
  717.311  0.999997   1427762 289262.34
  717.311  0.999997   1427762 328965.03
  717.823  0.999997   1427764 372827.03
  717.823  0.999998   1427764 441505.69
  717.823  0.999998   1427764 524288.00
  717.823  0.999998   1427764 578524.69
  717.823  0.999998   1427764 645277.56
  719.359  0.999999   1427765 762600.75
  719.359  0.999999   1427765 883011.38
  719.359  0.999999   1427765 1048576.00
  719.359  0.999999   1427765 1198372.62
  719.359  0.999999   1427765 1290555.12
  719.871  0.999999   1427766 1525201.50
  719.871  1.000000   1427766       inf

#[Mean    =    36.473, StdDeviation   =   101.620]
#[Max     =   719.360, Total count    =   1427766]
#[Buckets =        27, SubBuckets     =      2048]
----------------------------------------------------------
  1555817 requests in 2.00m, 298.22MB read
Requests/sec:  12965.20
Transfer/sec:      2.49MB
-------------------------------------------
wrk2 -t4 -c128 -R14000 -d120 -L http://localhost:8082/cache?count=5
Running 2m test @ http://localhost:8082/cache?count=5
  4 threads and 128 connections
  Thread Calibration: Mean latency: 92.229ms, Rate Sampling Interval: 406ms
  Thread Calibration: Mean latency: 93.663ms, Rate Sampling Interval: 423ms
  Thread Calibration: Mean latency: 88.785ms, Rate Sampling Interval: 410ms
  Thread Calibration: Mean latency: 85.192ms, Rate Sampling Interval: 384ms
  Thread Stats   Avg      Stdev     Max   +/- Stdev
    Latency    41.35ms   84.39ms 532.48ms   90.41%
    Req/Sec     3.51k   255.85     4.87k    79.37%

  Latency Distribution (HdrHistogram - Recorded Latency HDR)

  Percentile  Value

   50.000%    5.92ms
   75.000%   31.07ms
   90.000%  119.68ms
   99.000%  399.36ms
   99.900%  469.25ms
   99.990%  507.39ms
   99.999%  522.49ms
  100.000%  532.99ms

  Detailed Percentile Spectrum:

    Value Percentile  TotCount 1/(1-Percentile)

    0.271  0.000000         1      1.00
    1.631  0.100000    154288      1.11
    2.245  0.200000    308519      1.25
    2.923  0.300000    462639      1.43
    3.923  0.400000    616920      1.67
    5.923  0.500000    771069      2.00
    7.791  0.550000    848024      2.22
   10.223  0.600000    925186      2.50
   13.887  0.650000   1002287      2.86
   19.983  0.700000   1079329      3.33
   31.071  0.750000   1156386      4.00
   39.423  0.775000   1194994      4.44
   49.567  0.800000   1233479      5.00
   61.855  0.825000   1272026      5.71
   77.119  0.850000   1310591      6.67
   94.975  0.875000   1349228      8.00
  105.599  0.887500   1368385      8.89
  119.679  0.900000   1387673     10.00
  141.567  0.912500   1406987     11.43
  179.711  0.925000   1426216     13.33
  219.263  0.937500   1445514     16.00
  238.847  0.943750   1455158     17.78
  259.455  0.950000   1464773     20.00
  282.879  0.956250   1474426     22.86
  305.407  0.962500   1484062     26.67
  326.655  0.968750   1493730     32.00
  336.127  0.971875   1498483     35.56
  346.111  0.975000   1503400     40.00
  355.327  0.978125   1508119     45.71
  366.591  0.981250   1513001     53.33
  377.855  0.984375   1517821     64.00
  383.231  0.985937   1520168     71.11
  389.375  0.987500   1522638     80.00
  395.263  0.989062   1524999     91.43
  402.175  0.990625   1527439    106.67
  410.111  0.992188   1529820    128.00
  414.975  0.992969   1531077    142.22
  419.839  0.993750   1532260    160.00
  424.191  0.994531   1533436    182.86
  429.055  0.995313   1534629    213.33
  434.687  0.996094   1535862    256.00
  437.503  0.996484   1536426    284.45
  440.575  0.996875   1537031    320.00
  444.159  0.997266   1537659    365.72
  448.255  0.997656   1538260    426.66
  452.607  0.998047   1538853    512.00
  454.911  0.998242   1539156    568.89
  457.471  0.998438   1539435    640.01
  461.311  0.998633   1539742    731.42
  465.407  0.998828   1540046    853.32
  469.759  0.999023   1540338   1024.00
  472.319  0.999121   1540497   1137.75
  474.623  0.999219   1540638   1280.02
  477.951  0.999316   1540793   1462.83
  481.535  0.999414   1540944   1706.74
  486.143  0.999512   1541093   2048.00
  487.935  0.999561   1541182   2275.49
  489.471  0.999609   1541244   2559.84
  491.775  0.999658   1541316   2925.92
  494.591  0.999707   1541398   3413.47
  497.407  0.999756   1541467   4096.00
  498.687  0.999780   1541507   4551.60
  499.967  0.999805   1541546   5119.69
  501.247  0.999829   1541585   5851.84
  502.783  0.999853   1541621   6825.56
  504.575  0.999878   1541654   8192.00
  505.855  0.999890   1541677   9103.21
  507.647  0.999902   1541695  10242.50
  508.671  0.999915   1541711  11699.59
  510.207  0.999927   1541730  13651.11
  511.231  0.999939   1541752  16384.00
  511.743  0.999945   1541766  18196.55
  511.999  0.999951   1541773  20485.00
  512.255  0.999957   1541777  23399.19
  513.023  0.999963   1541790  27324.46
  513.791  0.999969   1541799  32768.00
  514.047  0.999973   1541800  36393.09
  514.559  0.999976   1541807  40920.04
  515.327  0.999979   1541811  46863.73
  515.583  0.999982   1541815  54648.91
  516.863  0.999985   1541819  65536.00
  517.631  0.999986   1541821  72944.41
  518.911  0.999988   1541824  81840.08
  519.423  0.999989   1541826  93727.46
  522.751  0.999991   1541828 108942.96
  525.311  0.999992   1541831 131072.00
  525.823  0.999993   1541833 145888.83
  525.823  0.999994   1541833 164482.52
  526.335  0.999995   1541835 186413.52
  526.335  0.999995   1541835 217885.92
  527.871  0.999996   1541838 262144.00
  527.871  0.999997   1541838 289262.34
  527.871  0.999997   1541838 328965.03
  527.871  0.999997   1541838 372827.03
  531.967  0.999998   1541840 441505.69
  531.967  0.999998   1541840 524288.00
  531.967  0.999998   1541840 578524.69
  531.967  0.999998   1541840 645277.56
  531.967  0.999999   1541840 762600.75
  532.479  0.999999   1541841 883011.38
  532.479  0.999999   1541841 1048576.00
  532.479  0.999999   1541841 1198372.62
  532.479  0.999999   1541841 1290555.12
  532.479  0.999999   1541841 1525201.50
  532.991  0.999999   1541842 1677721.62
  532.991  1.000000   1541842       inf

#[Mean    =    41.350, StdDeviation   =    84.387]
#[Max     =   532.480, Total count    =   1541842]
#[Buckets =        27, SubBuckets     =      2048]
----------------------------------------------------------
  1678891 requests in 2.00m, 321.82MB read
Requests/sec:  13990.84
Transfer/sec:      2.68MB
-------------------------------------------
wrk2 -t4 -c128 -R15000 -d120 -L http://localhost:8082/cache?count=5
Running 2m test @ http://localhost:8082/cache?count=5
  4 threads and 128 connections
  Thread Calibration: Mean latency: 39.154ms, Rate Sampling Interval: 231ms
  Thread Calibration: Mean latency: 40.636ms, Rate Sampling Interval: 262ms
  Thread Calibration: Mean latency: 39.919ms, Rate Sampling Interval: 249ms
  Thread Calibration: Mean latency: 39.947ms, Rate Sampling Interval: 254ms
  Thread Stats   Avg      Stdev     Max   +/- Stdev
    Latency    65.23ms  100.74ms 677.38ms   87.43%
    Req/Sec     3.76k   368.91     5.19k    73.29%

  Latency Distribution (HdrHistogram - Recorded Latency HDR)

  Percentile  Value

   50.000%   18.03ms
   75.000%   83.58ms
   90.000%  193.66ms
   99.000%  488.96ms
   99.900%  608.77ms
   99.990%  651.78ms
   99.999%  672.77ms
  100.000%  677.89ms

  Detailed Percentile Spectrum:

    Value Percentile  TotCount 1/(1-Percentile)

    0.309  0.000000         1      1.00
    2.147  0.100000    165050      1.11
    3.549  0.200000    329884      1.25
    6.331  0.300000    494704      1.43
   10.383  0.400000    659783      1.67
   18.031  0.500000    824512      2.00
   24.735  0.550000    906991      2.22
   34.463  0.600000    989425      2.50
   46.655  0.650000   1071998      2.86
   62.367  0.700000   1154347      3.33
   83.583  0.750000   1236736      4.00
   96.895  0.775000   1278068      4.44
  111.551  0.800000   1319231      5.00
  128.063  0.825000   1360499      5.71
  145.663  0.850000   1401627      6.67
  166.655  0.875000   1442873      8.00
  179.199  0.887500   1463585      8.89
  193.663  0.900000   1484113     10.00
  210.687  0.912500   1504726     11.43
  231.807  0.925000   1525381     13.33
  258.815  0.937500   1545938     16.00
  274.687  0.943750   1556362     17.78
  290.559  0.950000   1566608     20.00
  306.943  0.956250   1576942     22.86
  323.839  0.962500   1587232     26.67
  342.527  0.968750   1597496     32.00
  352.255  0.971875   1602618     35.56
  362.751  0.975000   1607791     40.00
  376.831  0.978125   1612901     45.71
  396.543  0.981250   1618088     53.33
  424.703  0.984375   1623239     64.00
  442.111  0.985937   1625810     71.11
  460.031  0.987500   1628364     80.00
  478.975  0.989062   1630949     91.43
  495.615  0.990625   1633518    106.67
  513.279  0.992188   1636109    128.00
  522.495  0.992969   1637379    142.22
  532.479  0.993750   1638702    160.00
  541.183  0.994531   1639973    182.86
  550.399  0.995313   1641269    213.33
  560.127  0.996094   1642565    256.00
  565.247  0.996484   1643199    284.45
  570.879  0.996875   1643869    320.00
  576.511  0.997266   1644479    365.72
  582.655  0.997656   1645119    426.66
  588.799  0.998047   1645762    512.00
  591.871  0.998242   1646076    568.89
  595.967  0.998438   1646406    640.01
  600.575  0.998633   1646747    731.42
  604.671  0.998828   1647038    853.32
  609.791  0.999023   1647374   1024.00
  612.351  0.999121   1647518   1137.75
  615.935  0.999219   1647694   1280.02
  619.007  0.999316   1647851   1462.83
  622.591  0.999414   1648011   1706.74
  626.175  0.999512   1648168   2048.00
  628.223  0.999561   1648250   2275.49
  630.271  0.999609   1648329   2559.84
  632.319  0.999658   1648402   2925.92
  634.879  0.999707   1648490   3413.47
  637.951  0.999756   1648565   4096.00
  639.487  0.999780   1648607   4551.60
  641.023  0.999805   1648644   5119.69
  644.095  0.999829   1648692   5851.84
  645.631  0.999853   1648724   6825.56
  648.703  0.999878   1648765   8192.00
  650.239  0.999890   1648786   9103.21
  652.287  0.999902   1648806  10242.50
  654.335  0.999915   1648825  11699.59
  656.383  0.999927   1648844  13651.11
  660.479  0.999939   1648866  16384.00
  662.015  0.999945   1648876  18196.55
  663.551  0.999951   1648885  20485.00
  664.575  0.999957   1648894  23399.19
  666.111  0.999963   1648904  27324.46
  668.159  0.999969   1648914  32768.00
  668.671  0.999973   1648920  36393.09
  669.183  0.999976   1648924  40920.04
  669.695  0.999979   1648929  46863.73
  670.719  0.999982   1648935  54648.91
  671.743  0.999985   1648942  65536.00
  671.743  0.999986   1648942  72944.41
  672.767  0.999988   1648948  81840.08
  672.767  0.999989   1648948  93727.46
  673.279  0.999991   1648953 108942.96
  673.279  0.999992   1648953 131072.00
  673.279  0.999993   1648953 145888.83
  673.791  0.999994   1648957 164482.52
  673.791  0.999995   1648957 186413.52
  673.791  0.999995   1648957 217885.92
  674.303  0.999996   1648959 262144.00
  674.303  0.999997   1648959 289262.34
  674.303  0.999997   1648959 328965.03
  675.327  0.999997   1648960 372827.03
  676.351  0.999998   1648962 441505.69
  676.351  0.999998   1648962 524288.00
  676.351  0.999998   1648962 578524.69
  676.351  0.999998   1648962 645277.56
  676.351  0.999999   1648962 762600.75
  676.863  0.999999   1648963 883011.38
  676.863  0.999999   1648963 1048576.00
  676.863  0.999999   1648963 1198372.62
  676.863  0.999999   1648963 1290555.12
  676.863  0.999999   1648963 1525201.50
  677.887  0.999999   1648964 1677721.62
  677.887  1.000000   1648964       inf

#[Mean    =    65.225, StdDeviation   =   100.745]
#[Max     =   677.376, Total count    =   1648964]
#[Buckets =        27, SubBuckets     =      2048]
----------------------------------------------------------
  1798534 requests in 2.00m, 344.75MB read
Requests/sec:  14987.85
Transfer/sec:      2.87MB
-------------------------------------------
wrk2 -t4 -c128 -R16000 -d120 -L http://localhost:8082/cache?count=5
Running 2m test @ http://localhost:8082/cache?count=5
  4 threads and 128 connections
  Thread Calibration: Mean latency: 588.610ms, Rate Sampling Interval: 1784ms
  Thread Calibration: Mean latency: 545.502ms, Rate Sampling Interval: 1798ms
  Thread Calibration: Mean latency: 552.740ms, Rate Sampling Interval: 1819ms
  Thread Calibration: Mean latency: 636.852ms, Rate Sampling Interval: 1890ms
  Thread Stats   Avg      Stdev     Max   +/- Stdev
    Latency   259.83ms  321.67ms   1.18s    77.17%
    Req/Sec     4.03k   237.84     4.66k    72.08%

  Latency Distribution (HdrHistogram - Recorded Latency HDR)

  Percentile  Value

   50.000%   93.50ms
   75.000%  480.51ms
   90.000%  819.71ms
   99.000%  980.99ms
   99.900%    1.06s 
   99.990%    1.13s 
   99.999%    1.17s 
  100.000%    1.18s 

  Detailed Percentile Spectrum:

    Value Percentile  TotCount 1/(1-Percentile)

    0.325  0.000000         1      1.00
    4.187  0.100000    177039      1.11
    7.231  0.200000    354121      1.25
   12.631  0.300000    531161      1.43
   29.407  0.400000    708071      1.67
   93.503  0.500000    885077      2.00
  133.759  0.550000    973642      2.22
  168.831  0.600000   1062170      2.50
  217.599  0.650000   1150544      2.86
  326.143  0.700000   1239101      3.33
  480.511  0.750000   1327615      4.00
  595.455  0.775000   1371981      4.44
  670.207  0.800000   1416150      5.00
  716.799  0.825000   1460400      5.71
  754.175  0.850000   1504977      6.67
  786.943  0.875000   1548872      8.00
  803.327  0.887500   1571403      8.89
  819.711  0.900000   1593120     10.00
  837.119  0.912500   1615406     11.43
  853.503  0.925000   1637783     13.33
  870.911  0.937500   1659791     16.00
  880.127  0.943750   1671024     17.78
  889.855  0.950000   1682088     20.00
  900.095  0.956250   1692779     22.86
  911.359  0.962500   1704154     26.67
  923.135  0.968750   1714938     32.00
  929.791  0.971875   1720329     35.56
  936.959  0.975000   1725882     40.00
  944.127  0.978125   1731445     45.71
  952.319  0.981250   1737127     53.33
  961.023  0.984375   1742641     64.00
  965.631  0.985937   1745310     71.11
  971.263  0.987500   1748026     80.00
  977.407  0.989062   1750866     91.43
  984.063  0.990625   1753629    106.67
  991.743  0.992188   1756354    128.00
  996.351  0.992969   1757705    142.22
 1001.471  0.993750   1759118    160.00
 1007.103  0.994531   1760488    182.86
 1012.735  0.995313   1761867    213.33
 1019.391  0.996094   1763230    256.00
 1023.487  0.996484   1763919    284.45
 1027.583  0.996875   1764582    320.00
 1031.679  0.997266   1765240    365.72
 1036.799  0.997656   1765929    426.66
 1043.455  0.998047   1766647    512.00
 1046.527  0.998242   1766970    568.89
 1050.623  0.998438   1767405    640.01
 1053.695  0.998633   1767698    731.42
 1057.791  0.998828   1768028    853.32
 1062.911  0.999023   1768344   1024.00
 1067.007  0.999121   1768527   1137.75
 1071.103  0.999219   1768711   1280.02
 1075.199  0.999316   1768879   1462.83
 1080.319  0.999414   1769027   1706.74
 1089.535  0.999512   1769208   2048.00
 1093.631  0.999561   1769287   2275.49
 1096.703  0.999609   1769381   2559.84
 1100.799  0.999658   1769465   2925.92
 1103.871  0.999707   1769549   3413.47
 1110.015  0.999756   1769646   4096.00
 1112.063  0.999780   1769681   4551.60
 1115.135  0.999805   1769729   5119.69
 1118.207  0.999829   1769768   5851.84
 1122.303  0.999853   1769804   6825.56
 1126.399  0.999878   1769848   8192.00
 1128.447  0.999890   1769877   9103.21
 1129.471  0.999902   1769890  10242.50
 1131.519  0.999915   1769912  11699.59
 1134.591  0.999927   1769935  13651.11
 1137.663  0.999939   1769955  16384.00
 1140.735  0.999945   1769964  18196.55
 1142.783  0.999951   1769975  20485.00
 1147.903  0.999957   1769986  23399.19
 1159.167  0.999963   1770000  27324.46
 1164.287  0.999969   1770009  32768.00
 1165.311  0.999973   1770016  36393.09
 1166.335  0.999976   1770022  40920.04
 1167.359  0.999979   1770029  46863.73
 1167.359  0.999982   1770029  54648.91
 1168.383  0.999985   1770036  65536.00
 1169.407  0.999986   1770041  72944.41
 1169.407  0.999988   1770041  81840.08
 1171.455  0.999989   1770048  93727.46
 1171.455  0.999991   1770048 108942.96
 1171.455  0.999992   1770048 131072.00
 1172.479  0.999993   1770052 145888.83
 1172.479  0.999994   1770052 164482.52
 1172.479  0.999995   1770052 186413.52
 1173.503  0.999995   1770054 217885.92
 1174.527  0.999996   1770056 262144.00
 1174.527  0.999997   1770056 289262.34
 1174.527  0.999997   1770056 328965.03
 1175.551  0.999997   1770058 372827.03
 1175.551  0.999998   1770058 441505.69
 1175.551  0.999998   1770058 524288.00
 1175.551  0.999998   1770058 578524.69
 1176.575  0.999998   1770060 645277.56
 1176.575  0.999999   1770060 762600.75
 1176.575  0.999999   1770060 883011.38
 1176.575  0.999999   1770060 1048576.00
 1176.575  0.999999   1770060 1198372.62
 1176.575  0.999999   1770060 1290555.12
 1176.575  0.999999   1770060 1525201.50
 1176.575  0.999999   1770060 1677721.62
 1177.599  1.000000   1770061 2097152.00
 1177.599  1.000000   1770061       inf

#[Mean    =   259.831, StdDeviation   =   321.669]
#[Max     =  1176.576, Total count    =   1770061]
#[Buckets =        27, SubBuckets     =      2048]
----------------------------------------------------------
  1910039 requests in 2.00m, 366.11MB read
Requests/sec:  15917.05
Transfer/sec:      3.05MB
-------------------------------------------
wrk2 -t4 -c128 -R17000 -d120 -L http://localhost:8082/cache?count=5
Running 2m test @ http://localhost:8082/cache?count=5
  4 threads and 128 connections
  Thread Calibration: Mean latency: 309.676ms, Rate Sampling Interval: 1208ms
  Thread Calibration: Mean latency: 317.383ms, Rate Sampling Interval: 1222ms
  Thread Calibration: Mean latency: 357.427ms, Rate Sampling Interval: 1251ms
  Thread Calibration: Mean latency: 303.473ms, Rate Sampling Interval: 1186ms
  Thread Stats   Avg      Stdev     Max   +/- Stdev
    Latency     2.76s   732.55ms   3.92s    79.89%
    Req/Sec     4.17k   420.41     5.13k    63.69%

  Latency Distribution (HdrHistogram - Recorded Latency HDR)

  Percentile  Value

   50.000%    3.00s 
   75.000%    3.21s 
   90.000%    3.40s 
   99.000%    3.63s 
   99.900%    3.78s 
   99.990%    3.87s 
   99.999%    3.92s 
  100.000%    3.93s 

  Detailed Percentile Spectrum:

    Value Percentile  TotCount 1/(1-Percentile)

  466.943  0.000000         1      1.00
 1206.271  0.100000    183620      1.11
 2469.887  0.200000    367377      1.25
 2797.567  0.300000    553220      1.43
 2914.303  0.400000    736934      1.67
 3002.367  0.500000    918097      2.00
 3043.327  0.550000   1010169      2.22
 3084.287  0.600000   1104897      2.50
 3123.199  0.650000   1194216      2.86
 3166.207  0.700000   1287691      3.33
 3213.311  0.750000   1378451      4.00
 3237.887  0.775000   1423852      4.44
 3266.559  0.800000   1471216      5.00
 3295.231  0.825000   1515299      5.71
 3327.999  0.850000   1563490      6.67
 3360.767  0.875000   1607628      8.00
 3379.199  0.887500   1631101      8.89
 3397.631  0.900000   1653422     10.00
 3420.159  0.912500   1676583     11.43
 3442.687  0.925000   1698529     13.33
 3467.263  0.937500   1723256     16.00
 3477.503  0.943750   1733259     17.78
 3491.839  0.950000   1744696     20.00
 3508.223  0.956250   1757297     22.86
 3522.559  0.962500   1768016     26.67
 3538.943  0.968750   1779194     32.00
 3549.183  0.971875   1785295     35.56
 3559.423  0.975000   1790498     40.00
 3571.711  0.978125   1796567     45.71
 3581.951  0.981250   1801854     53.33
 3596.287  0.984375   1808078     64.00
 3604.479  0.985937   1810956     71.11
 3612.671  0.987500   1813762     80.00
 3620.863  0.989062   1816336     91.43
 3631.103  0.990625   1819199    106.67
 3643.391  0.992188   1822044    128.00
 3649.535  0.992969   1823302    142.22
 3657.727  0.993750   1824715    160.00
 3667.967  0.994531   1826195    182.86
 3680.255  0.995313   1827783    213.33
 3692.543  0.996094   1829215    256.00
 3698.687  0.996484   1829905    284.45
 3704.831  0.996875   1830503    320.00
 3713.023  0.997266   1831312    365.72
 3719.167  0.997656   1831862    426.66
 3729.407  0.998047   1832615    512.00
 3735.551  0.998242   1832997    568.89
 3741.695  0.998438   1833346    640.01
 3749.887  0.998633   1833666    731.42
 3764.223  0.998828   1834053    853.32
 3780.607  0.999023   1834389   1024.00
 3792.895  0.999121   1834548   1137.75
 3803.135  0.999219   1834767   1280.02
 3809.279  0.999316   1834925   1462.83
 3817.471  0.999414   1835110   1706.74
 3825.663  0.999512   1835266   2048.00
 3833.855  0.999561   1835370   2275.49
 3839.999  0.999609   1835469   2559.84
 3844.095  0.999658   1835543   2925.92
 3850.239  0.999707   1835654   3413.47
 3854.335  0.999756   1835737   4096.00
 3856.383  0.999780   1835764   4551.60
 3860.479  0.999805   1835825   5119.69
 3862.527  0.999829   1835849   5851.84
 3866.623  0.999853   1835900   6825.56
 3870.719  0.999878   1835947   8192.00
 3872.767  0.999890   1835972   9103.21
 3874.815  0.999902   1835994  10242.50
 3876.863  0.999915   1836012  11699.59
 3880.959  0.999927   1836036  13651.11
 3883.007  0.999939   1836051  16384.00
 3885.055  0.999945   1836062  18196.55
 3889.151  0.999951   1836073  20485.00
 3891.199  0.999957   1836088  23399.19
 3893.247  0.999963   1836093  27324.46
 3899.391  0.999969   1836104  32768.00
 3901.439  0.999973   1836110  36393.09
 3905.535  0.999976   1836114  40920.04
 3907.583  0.999979   1836118  46863.73
 3909.631  0.999982   1836125  54648.91
 3913.727  0.999985   1836130  65536.00
 3917.823  0.999986   1836136  72944.41
 3917.823  0.999988   1836136  81840.08
 3919.871  0.999989   1836142  93727.46
 3919.871  0.999991   1836142 108942.96
 3921.919  0.999992   1836151 131072.00
 3921.919  0.999993   1836151 145888.83
 3921.919  0.999994   1836151 164482.52
 3921.919  0.999995   1836151 186413.52
 3921.919  0.999995   1836151 217885.92
 3921.919  0.999996   1836151 262144.00
 3921.919  0.999997   1836151 289262.34
 3923.967  0.999997   1836155 328965.03
 3923.967  0.999997   1836155 372827.03
 3923.967  0.999998   1836155 441505.69
 3923.967  0.999998   1836155 524288.00
 3923.967  0.999998   1836155 578524.69
 3923.967  0.999998   1836155 645277.56
 3923.967  0.999999   1836155 762600.75
 3923.967  0.999999   1836155 883011.38
 3926.015  0.999999   1836157 1048576.00
 3926.015  1.000000   1836157       inf

#[Mean    =  2762.231, StdDeviation   =   732.549]
#[Max     =  3923.968, Total count    =   1836157]
#[Buckets =        27, SubBuckets     =      2048]
----------------------------------------------------------
  1992207 requests in 2.00m, 381.88MB read
Requests/sec:  16601.77
Transfer/sec:      3.18MB
-------------------------------------------
wrk2 -t4 -c128 -R18000 -d120 -L http://localhost:8082/cache?count=5
Running 2m test @ http://localhost:8082/cache?count=5
  4 threads and 128 connections
  Thread Calibration: Mean latency: 318.118ms, Rate Sampling Interval: 1395ms
  Thread Calibration: Mean latency: 323.637ms, Rate Sampling Interval: 1380ms
  Thread Calibration: Mean latency: 364.831ms, Rate Sampling Interval: 1430ms
  Thread Calibration: Mean latency: 320.732ms, Rate Sampling Interval: 1389ms
  Thread Stats   Avg      Stdev     Max   +/- Stdev
    Latency     2.22s   978.00ms   5.01s    73.74%
    Req/Sec     4.35k   321.81     5.05k    66.99%

  Latency Distribution (HdrHistogram - Recorded Latency HDR)

  Percentile  Value

   50.000%    2.09s 
   75.000%    2.78s 
   90.000%    3.78s 
   99.000%    4.62s 
   99.900%    4.86s 
   99.990%    4.98s 
   99.999%    5.01s 
  100.000%    5.01s 

  Detailed Percentile Spectrum:

    Value Percentile  TotCount 1/(1-Percentile)

  655.871  0.000000         1      1.00
 1252.351  0.100000    192449      1.11
 1348.607  0.200000    384490      1.25
 1424.383  0.300000    574056      1.43
 1530.879  0.400000    764109      1.67
 2089.983  0.500000    954862      2.00
 2295.807  0.550000   1050496      2.22
 2430.975  0.600000   1146289      2.50
 2551.807  0.650000   1242405      2.86
 2664.447  0.700000   1337788      3.33
 2781.183  0.750000   1433126      4.00
 2859.007  0.775000   1480759      4.44
 2951.167  0.800000   1527744      5.00
 3131.391  0.825000   1575677      5.71
 3377.151  0.850000   1623594      6.67
 3590.143  0.875000   1671253      8.00
 3678.207  0.887500   1694917      8.89
 3778.559  0.900000   1718724     10.00
 3891.199  0.912500   1742673     11.43
 3997.695  0.925000   1766572     13.33
 4112.383  0.937500   1790222     16.00
 4167.679  0.943750   1802672     17.78
 4222.975  0.950000   1814826     20.00
 4280.319  0.956250   1826527     22.86
 4333.567  0.962500   1838436     26.67
 4382.719  0.968750   1850004     32.00
 4407.295  0.971875   1855993     35.56
 4435.967  0.975000   1862429     40.00
 4468.735  0.978125   1868176     45.71
 4505.599  0.981250   1874101     53.33
 4542.463  0.984375   1880322     64.00
 4562.943  0.985937   1883283     71.11
 4583.423  0.987500   1886012     80.00
 4603.903  0.989062   1889051     91.43
 4624.383  0.990625   1891766    106.67
 4653.055  0.992188   1894869    128.00
 4669.439  0.992969   1896558    142.22
 4681.727  0.993750   1897946    160.00
 4694.015  0.994531   1899276    182.86
 4714.495  0.995313   1900800    213.33
 4734.975  0.996094   1902241    256.00
 4751.359  0.996484   1903050    284.45
 4763.647  0.996875   1903701    320.00
 4775.935  0.997266   1904378    365.72
 4788.223  0.997656   1905172    426.66
 4800.511  0.998047   1905985    512.00
 4808.703  0.998242   1906333    568.89
 4816.895  0.998438   1906596    640.01
 4833.279  0.998633   1907083    731.42
 4841.471  0.998828   1907402    853.32
 4866.047  0.999023   1907705   1024.00
 4878.335  0.999121   1907931   1137.75
 4886.527  0.999219   1908118   1280.02
 4894.719  0.999316   1908312   1462.83
 4902.911  0.999414   1908463   1706.74
 4915.199  0.999512   1908646   2048.00
 4923.391  0.999561   1908754   2275.49
 4927.487  0.999609   1908878   2559.84
 4931.583  0.999658   1908977   2925.92
 4935.679  0.999707   1909060   3413.47
 4943.871  0.999756   1909136   4096.00
 4947.967  0.999780   1909194   4551.60
 4952.063  0.999805   1909256   5119.69
 4952.063  0.999829   1909256   5851.84
 4956.159  0.999853   1909298   6825.56
 4964.351  0.999878   1909340   8192.00
 4972.543  0.999890   1909360   9103.21
 4984.831  0.999902   1909387  10242.50
 4988.927  0.999915   1909422  11699.59
 4993.023  0.999927   1909475  13651.11
 4993.023  0.999939   1909475  16384.00
 4993.023  0.999945   1909475  18196.55
 4997.119  0.999951   1909496  20485.00
 4997.119  0.999957   1909496  23399.19
 5001.215  0.999963   1909511  27324.46
 5001.215  0.999969   1909511  32768.00
 5005.311  0.999973   1909529  36393.09
 5005.311  0.999976   1909529  40920.04
 5005.311  0.999979   1909529  46863.73
 5009.407  0.999982   1909555  54648.91
 5009.407  0.999985   1909555  65536.00
 5009.407  0.999986   1909555  72944.41
 5009.407  0.999988   1909555  81840.08
 5009.407  0.999989   1909555  93727.46
 5009.407  0.999991   1909555 108942.96
 5009.407  0.999992   1909555 131072.00
 5013.503  0.999993   1909569 145888.83
 5013.503  1.000000   1909569       inf

#[Mean    =  2222.513, StdDeviation   =   978.000]
#[Max     =  5009.408, Total count    =   1909569]
#[Buckets =        27, SubBuckets     =      2048]
----------------------------------------------------------
  2071870 requests in 2.00m, 397.11MB read
Requests/sec:  17265.63
Transfer/sec:      3.31MB
-------------------------------------------
wrk2 -t4 -c128 -R19000 -d120 -L http://localhost:8082/cache?count=5
Running 2m test @ http://localhost:8082/cache?count=5
  4 threads and 128 connections
  Thread Calibration: Mean latency: 412.654ms, Rate Sampling Interval: 1677ms
  Thread Calibration: Mean latency: 478.259ms, Rate Sampling Interval: 1722ms
  Thread Calibration: Mean latency: 414.866ms, Rate Sampling Interval: 1666ms
  Thread Calibration: Mean latency: 414.525ms, Rate Sampling Interval: 1669ms
  Thread Stats   Avg      Stdev     Max   +/- Stdev
    Latency     6.83s     3.54s   12.64s    57.75%
    Req/Sec     4.26k   391.62     5.07k    76.74%

  Latency Distribution (HdrHistogram - Recorded Latency HDR)

  Percentile  Value

   50.000%    7.43s 
   75.000%   10.15s 
   90.000%   10.93s 
   99.000%   12.28s 
   99.900%   12.53s 
   99.990%   12.62s 
   99.999%   12.65s 
  100.000%   12.65s 

  Detailed Percentile Spectrum:

    Value Percentile  TotCount 1/(1-Percentile)

  758.783  0.000000         5      1.00
 1257.471  0.100000    187556      1.11
 2226.175  0.200000    374600      1.25
 4792.319  0.300000    562130      1.43
 6148.095  0.400000    748798      1.67
 7430.143  0.500000    936039      2.00
 8130.559  0.550000   1029713      2.22
 8536.063  0.600000   1124568      2.50
 9101.311  0.650000   1217129      2.86
 9576.447  0.700000   1310536      3.33
10149.887  0.750000   1405736      4.00
10280.959  0.775000   1452256      4.44
10379.263  0.800000   1499588      5.00
10477.567  0.825000   1544707      5.71
10592.255  0.850000   1593473      6.67
10731.519  0.875000   1639915      8.00
10821.631  0.887500   1662050      8.89
10928.127  0.900000   1685194     10.00
11042.815  0.912500   1709450     11.43
11149.311  0.925000   1732297     13.33
11272.191  0.937500   1755822     16.00
11345.919  0.943750   1767664     17.78
11436.031  0.950000   1778887     20.00
11567.103  0.956250   1790087     22.86
11755.519  0.962500   1802410     26.67
11902.975  0.968750   1813728     32.00
11968.511  0.971875   1819607     35.56
12025.855  0.975000   1825994     40.00
12075.007  0.978125   1831210     45.71
12124.159  0.981250   1836912     53.33
12181.503  0.984375   1842752     64.00
12214.271  0.985937   1845985     71.11
12238.847  0.987500   1848893     80.00
12263.423  0.989062   1851955     91.43
12287.999  0.990625   1854895    106.67
12320.767  0.992188   1857483    128.00
12337.151  0.992969   1858861    142.22
12361.727  0.993750   1860682    160.00
12378.111  0.994531   1862107    182.86
12394.495  0.995313   1863606    213.33
12410.879  0.996094   1865370    256.00
12419.071  0.996484   1866015    284.45
12427.263  0.996875   1866506    320.00
12435.455  0.997266   1867010    365.72
12451.839  0.997656   1867849    426.66
12476.415  0.998047   1868461    512.00
12492.799  0.998242   1868800    568.89
12509.183  0.998438   1869240    640.01
12517.375  0.998633   1869637    731.42
12525.567  0.998828   1869886    853.32
12541.951  0.999023   1870324   1024.00
12550.143  0.999121   1870499   1137.75
12558.335  0.999219   1870673   1280.02
12566.527  0.999316   1870975   1462.83
12566.527  0.999414   1870975   1706.74
12574.719  0.999512   1871109   2048.00
12582.911  0.999561   1871311   2275.49
12582.911  0.999609   1871311   2559.84
12591.103  0.999658   1871511   2925.92
12591.103  0.999707   1871511   3413.47
12599.295  0.999756   1871630   4096.00
12599.295  0.999780   1871630   4551.60
12599.295  0.999805   1871630   5119.69
12607.487  0.999829   1871720   5851.84
12607.487  0.999853   1871720   6825.56
12615.679  0.999878   1871784   8192.00
12615.679  0.999890   1871784   9103.21
12623.871  0.999902   1871816  10242.50
12632.063  0.999915   1871886  11699.59
12632.063  0.999927   1871886  13651.11
12632.063  0.999939   1871886  16384.00
12632.063  0.999945   1871886  18196.55
12640.255  0.999951   1871937  20485.00
12640.255  0.999957   1871937  23399.19
12640.255  0.999963   1871937  27324.46
12640.255  0.999969   1871937  32768.00
12640.255  0.999973   1871937  36393.09
12640.255  0.999976   1871937  40920.04
12648.447  0.999979   1871982  46863.73
12648.447  1.000000   1871982       inf

#[Mean    =  6834.759, StdDeviation   =  3538.165]
#[Max     = 12640.256, Total count    =   1871982]
#[Buckets =        27, SubBuckets     =      2048]
----------------------------------------------------------
  2042366 requests in 2.00m, 391.46MB read
Requests/sec:  17019.78
Transfer/sec:      3.26MB
-------------------------------------------
wrk2 -t4 -c128 -R20000 -d120 -L http://localhost:8082/cache?count=5
Running 2m test @ http://localhost:8082/cache?count=5
  4 threads and 128 connections
  Thread Calibration: Mean latency: 1048.438ms, Rate Sampling Interval: 3899ms
  Thread Calibration: Mean latency: 1056.433ms, Rate Sampling Interval: 3887ms
  Thread Calibration: Mean latency: 1023.543ms, Rate Sampling Interval: 3848ms
  Thread Calibration: Mean latency: 1042.732ms, Rate Sampling Interval: 3887ms
  Thread Stats   Avg      Stdev     Max   +/- Stdev
    Latency     8.33s     3.51s   15.12s    58.52%
    Req/Sec     4.43k   185.90     4.85k    71.43%

  Latency Distribution (HdrHistogram - Recorded Latency HDR)

  Percentile  Value

   50.000%    8.70s 
   75.000%   11.08s 
   90.000%   13.26s 
   99.000%   14.63s 
   99.900%   14.94s 
   99.990%   15.07s 
   99.999%   15.11s 
  100.000%   15.13s 

  Detailed Percentile Spectrum:

    Value Percentile  TotCount 1/(1-Percentile)

 1946.623  0.000000         5      1.00
 3487.743  0.100000    194628      1.11
 4616.191  0.200000    389697      1.25
 5718.015  0.300000    584453      1.43
 7061.503  0.400000    778617      1.67
 8699.903  0.500000    972652      2.00
 9183.231  0.550000   1070224      2.22
 9601.023  0.600000   1169401      2.50
 9920.511  0.650000   1265607      2.86
10534.911  0.700000   1361770      3.33
11083.775  0.750000   1459292      4.00
11329.535  0.775000   1508147      4.44
11739.135  0.800000   1556727      5.00
12238.847  0.825000   1604919      5.71
12566.527  0.850000   1654396      6.67
12836.863  0.875000   1703025      8.00
13017.087  0.887500   1727030      8.89
13262.847  0.900000   1751234     10.00
13475.839  0.912500   1775234     11.43
13631.487  0.925000   1800100     13.33
13770.751  0.937500   1824264     16.00
13836.287  0.943750   1835865     17.78
13918.207  0.950000   1848537     20.00
14008.319  0.956250   1860486     22.86
14114.815  0.962500   1872306     26.67
14245.887  0.968750   1884726     32.00
14303.231  0.971875   1890567     35.56
14352.383  0.975000   1896748     40.00
14409.727  0.978125   1902815     45.71
14467.071  0.981250   1908784     53.33
14516.223  0.984375   1915502     64.00
14540.799  0.985937   1918576     71.11
14573.567  0.987500   1921419     80.00
14614.527  0.989062   1924530     91.43
14639.103  0.990625   1927026    106.67
14671.871  0.992188   1930052    128.00
14688.255  0.992969   1931696    142.22
14704.639  0.993750   1933095    160.00
14729.215  0.994531   1934866    182.86
14753.791  0.995313   1936418    213.33
14770.175  0.996094   1937609    256.00
14786.559  0.996484   1938440    284.45
14811.135  0.996875   1939257    320.00
14827.519  0.997266   1939868    365.72
14852.095  0.997656   1940774    426.66
14868.479  0.998047   1941375    512.00
14876.671  0.998242   1941682    568.89
14893.055  0.998438   1942200    640.01
14909.439  0.998633   1942570    731.42
14925.823  0.998828   1942899    853.32
14942.207  0.999023   1943333   1024.00
14950.399  0.999121   1943547   1137.75
14958.591  0.999219   1943660   1280.02
14974.975  0.999316   1943902   1462.83
14983.167  0.999414   1944049   1706.74
14991.359  0.999512   1944174   2048.00
14999.551  0.999561   1944247   2275.49
15007.743  0.999609   1944387   2559.84
15015.935  0.999658   1944441   2925.92
15032.319  0.999707   1944632   3413.47
15032.319  0.999756   1944632   4096.00
15040.511  0.999780   1944715   4551.60
15048.703  0.999805   1944811   5119.69
15048.703  0.999829   1944811   5851.84
15056.895  0.999853   1944866   6825.56
15056.895  0.999878   1944866   8192.00
15065.087  0.999890   1944901   9103.21
15073.279  0.999902   1944948  10242.50
15073.279  0.999915   1944948  11699.59
15081.471  0.999927   1945014  13651.11
15081.471  0.999939   1945014  16384.00
15081.471  0.999945   1945014  18196.55
15081.471  0.999951   1945014  20485.00
15081.471  0.999957   1945014  23399.19
15089.663  0.999963   1945050  27324.46
15089.663  0.999969   1945050  32768.00
15089.663  0.999973   1945050  36393.09
15089.663  0.999976   1945050  40920.04
15097.855  0.999979   1945077  46863.73
15097.855  0.999982   1945077  54648.91
15097.855  0.999985   1945077  65536.00
15097.855  0.999986   1945077  72944.41
15097.855  0.999988   1945077  81840.08
15097.855  0.999989   1945077  93727.46
15106.047  0.999991   1945086 108942.96
15106.047  0.999992   1945086 131072.00
15106.047  0.999993   1945086 145888.83
15106.047  0.999994   1945086 164482.52
15114.239  0.999995   1945093 186413.52
15114.239  0.999995   1945093 217885.92
15114.239  0.999996   1945093 262144.00
15114.239  0.999997   1945093 289262.34
15114.239  0.999997   1945093 328965.03
15114.239  0.999997   1945093 372827.03
15114.239  0.999998   1945093 441505.69
15122.431  0.999998   1945095 524288.00
15122.431  0.999998   1945095 578524.69
15122.431  0.999998   1945095 645277.56
15122.431  0.999999   1945095 762600.75
15122.431  0.999999   1945095 883011.38
15130.623  0.999999   1945097 1048576.00
15130.623  1.000000   1945097       inf

#[Mean    =  8327.619, StdDeviation   =  3508.277]
#[Max     = 15122.432, Total count    =   1945097]
#[Buckets =        27, SubBuckets     =      2048]
----------------------------------------------------------
  2105271 requests in 2.00m, 403.48MB read
Requests/sec:  17544.04
Transfer/sec:      3.36MB
-------------------------------------------
